h: [(0,1), (6,1), (6,2), (0,2)]
r1: [(0,0), (2,0), (2,1), (0,1)]
r2: [(0,2), (2,2), (2,3), (0,3)]
r3: [(2,0), (4,0), (4,1), (2,1)]
r4: [(2,2), (4,2), (4,3), (2,3)]
r5: [(4,0), (6,0), (6,1), (4,1)]
r6: [(4,2), (6,2), (6,3), (4,3)]
b: [(1.4638224985797574,0.006203599162533074), (1.6638224985797574,0.006203599162533074), (1.6638224985797574,0.20620359916253309), (1.4638224985797574,0.20620359916253309)] & [(0.42663482748871506,2.6912039163605987), (0.626634827488715,2.6912039163605987), (0.626634827488715,2.891203916360599), (0.42663482748871506,2.891203916360599)] & [(2.582985604647732,0.24954687376650828), (2.7829856046477324,0.24954687376650828), (2.7829856046477324,0.44954687376650826), (2.582985604647732,0.44954687376650826)] & [(2.3547584575992535,2.6503354956990597), (2.5547584575992537,2.6503354956990597), (2.5547584575992537,2.85033549569906), (2.3547584575992535,2.85033549569906)] & [(4.142616369776743,0.04955131905299494), (4.342616369776743,0.04955131905299494), (4.342616369776743,0.24955131905299494), (4.142616369776743,0.24955131905299494)] & [(4.413905957415165,2.4530441039339435), (4.613905957415165,2.4530441039339435), (4.613905957415165,2.6530441039339436), (4.413905957415165,2.6530441039339436)]
t: [(0.47180615891612365,0), (0.9718061589161237,0), (0.9718061589161237,0.6015861111775069), (0.47180615891612365,0.6015861111775069)] & [(1.0159349828121367,2.4039075978926863), (1.7159349828121369,2.4039075978926863), (1.7159349828121369,2.9039075978926863), (1.0159349828121367,2.9039075978926863)] & [(3.3109247376837767,0.11219414156476598), (4.010924737683776,0.11219414156476598), (4.010924737683776,0.6121941415647659), (3.3109247376837767,0.6121941415647659)] & [(2.486333386851901,2.5776127442061343), (3.186333386851901,2.5776127442061343), (3.186333386851901,3.0776127442061343), (2.486333386851901,3.0776127442061343)] & [(4.535592079108182,0.1395424790675699), (5.235592079108181,0.1395424790675699), (5.235592079108181,0.6395424790675699), (4.535592079108182,0.6395424790675699)] & [(5.596668922858248,2.3531886063741787), (6.096668922858247,2.3531886063741787), (6.096668922858247,3.053188606374179), (5.596668922858248,3.053188606374179)]
