h: [(0,1), (6,1), (6,2), (0,2)]
r1: [(0,0), (2,0), (2,1), (0,1)]
r2: [(0,2), (2,2), (2,3), (0,3)]
r3: [(2,0), (4,0), (4,1), (2,1)]
r4: [(2,2), (4,2), (4,3), (2,3)]
r5: [(4,0), (6,0), (6,1), (4,1)]
r6: [(4,2), (6,2), (6,3), (4,3)]
b: [(1.5316651113976896,0.018087045973151028), (1.7316651113976895,0.018087045973151028), (1.7316651113976895,0.21808704597315104), (1.5316651113976896,0.21808704597315104)] & [(0.5784906623078231,2.452576625391394), (0.7784906623078232,2.452576625391394), (0.7784906623078232,2.652576625391394), (0.5784906623078231,2.652576625391394)] & [(3.529065925910409,0.035361903535209224), (3.729065925910409,0.035361903535209224), (3.729065925910409,0.23536190353520925), (3.529065925910409,0.23536190353520925)] & [(2.55430573689893,2.4812437213217526), (2.7543057368989303,2.4812437213217526), (2.7543057368989303,2.681243721321753), (2.55430573689893,2.681243721321753)] & [(5.117593832372338,0.011879691838492384), (5.317593832372338,0.011879691838492384), (5.317593832372338,0.2118796918384924), (5.117593832372338,0.2118796918384924)] & [(5.363821028686876,2.5499234641327315), (5.563821028686876,2.5499234641327315), (5.563821028686876,2.7499234641327317), (5.363821028686876,2.7499234641327317)]
t: [(0.25084210330007883,0), (0.7508421033000788,0), (0.7508421033000788,0.6480415607919582), (0.25084210330007883,0.6480415607919582)] & [(1.2145280167804053,2.391437631819939), (1.7145280167804056,2.391437631819939), (1.7145280167804056,3.091437631819939), (1.2145280167804053,3.091437631819939)] & [(2.9588219348246363,0), (3.4588219348246363,0), (3.4588219348246363,0.621990840405323), (2.9588219348246363,0.621990840405323)] & [(2.991434948953027,2.3504003620390397), (3.491434948953027,2.3504003620390397), (3.491434948953027,3.05040036203904), (2.991434948953027,3.05040036203904)] & [(4.676505752708488,0), (5.176505752708487,0), (5.176505752708487,0.609069264403547), (4.676505752708488,0.609069264403547)] & [(4.510415286262635,2.4875399781110814), (5.210415286262634,2.4875399781110814), (5.210415286262634,2.9875399781110814), (4.510415286262635,2.9875399781110814)]
