h: [(0,1), (6,1), (6,2), (0,2)]
r1: [(0,0), (2,0), (2,1), (0,1)]
r2: [(0,2), (2,2), (2,3), (0,3)]
r3: [(2,0), (4,0), (4,1), (2,1)]
r4: [(2,2), (4,2), (4,3), (2,3)]
r5: [(4,0), (6,0), (6,1), (4,1)]
r6: [(4,2), (6,2), (6,3), (4,3)]
b: [(0.8669104912373959,0.12865342553371137), (1.066910491237396,0.12865342553371137), (1.066910491237396,0.32865342553371135), (0.8669104912373959,0.32865342553371135)] & [(1.627017942323882,2.4778937885010457), (1.827017942323882,2.4778937885010457), (1.827017942323882,2.677893788501046), (1.627017942323882,2.677893788501046)] & [(2.4325578823101788,0.07620147852702507), (2.632557882310179,0.07620147852702507), (2.632557882310179,0.2762014785270251), (2.4325578823101788,0.2762014785270251)] & [(3.4411703218976353,2.6510527836930184), (3.6411703218976355,2.6510527836930184), (3.6411703218976355,2.8510527836930186), (3.4411703218976353,2.8510527836930186)] & [(5.370064746409309,0.04231507248610468), (5.570064746409309,0.04231507248610468), (5.570064746409309,0.24231507248610468), (5.370064746409309,0.24231507248610468)] & [(4.619849297874448,2.4958341512060844), (4.819849297874448,2.4958341512060844), (4.819849297874448,2.6958341512060846), (4.619849297874448,2.6958341512060846)]
t: [(0.25504405079927717,0), (0.9550440507992771,0), (0.9550440507992771,0.42258747335844105), (0.25504405079927717,0.42258747335844105)] & [(0.891735128626196,2.3635484129879254), (1.391735128626196,2.3635484129879254), (1.391735128626196,3.0635484129879256), (0.891735128626196,3.0635484129879256)] & [(2.996751710354196,0.039438911590598896), (3.6967517103541963,0.039438911590598896), (3.6967517103541963,0.5394389115905989), (2.996751710354196,0.5394389115905989)] & [(2.58676401856603,2.425807945612001), (3.2867640185660303,2.425807945612001), (3.2867640185660303,2.925807945612001), (2.58676401856603,2.925807945612001)] & [(4.106291849961631,0), (4.6062918499616305,0), (4.6062918499616305,0.6162023220836247), (4.106291849961631,0.6162023220836247)] & [(5.465245120557092,2.3902084382147106), (5.965245120557091,2.3902084382147106), (5.965245120557091,3.090208438214711), (5.465245120557092,3.090208438214711)]
