h: [(0,1), (6,1), (6,2), (0,2)]
r1: [(0,0), (2,0), (2,1), (0,1)]
r2: [(0,2), (2,2), (2,3), (0,3)]
r3: [(2,0), (4,0), (4,1), (2,1)]
r4: [(2,2), (4,2), (4,3), (2,3)]
r5: [(4,0), (6,0), (6,1), (4,1)]
r6: [(4,2), (6,2), (6,3), (4,3)]
b: [(0.463236425084593,0.04517654998317871), (0.663236425084593,0.04517654998317871), (0.663236425084593,0.24517654998317873), (0.463236425084593,0.24517654998317873)] & [(1.4467204689704276,2.4959541308756155), (1.6467204689704276,2.4959541308756155), (1.6467204689704276,2.6959541308756156), (1.4467204689704276,2.6959541308756156)] & [(2.6963565370321643,0.04612810016476647), (2.8963565370321644,0.04612810016476647), (2.8963565370321644,0.2461281001647665), (2.6963565370321643,0.2461281001647665)] & [(3.1525543249160446,2.453168510685847), (3.3525543249160448,2.453168510685847), (3.3525543249160448,2.6531685106858474), (3.1525543249160446,2.6531685106858474)] & [(4.098509172411347,0.13074404807763593), (4.298509172411348,0.13074404807763593), (4.298509172411348,0.3307440480776359), (4.098509172411347,0.3307440480776359)] & [(5.432156531279027,2.4723163253984564), (5.632156531279027,2.4723163253984564), (5.632156531279027,2.6723163253984565), (5.432156531279027,2.6723163253984565)]
t: [(1.2416529629580513,0), (1.7416529629580515,0), (1.7416529629580515,0.6410199551872474), (1.2416529629580513,0.6410199551872474)] & [(0.6739870634215178,2.4264908201531585), (1.3739870634215179,2.4264908201531585), (1.3739870634215179,2.9264908201531585), (0.6739870634215178,2.9264908201531585)] & [(1.9660953158364847,0), (2.4660953158364847,0), (2.4660953158364847,0.6247845702390233), (1.9660953158364847,0.6247845702390233)] & [(3.4270877146418623,2.3740991530426463), (3.9270877146418623,2.3740991530426463), (3.9270877146418623,3.0740991530426465), (3.4270877146418623,3.0740991530426465)] & [(4.222916820209722,0.13009234836902414), (4.922916820209721,0.13009234836902414), (4.922916820209721,0.6300923483690241), (4.222916820209722,0.6300923483690241)] & [(4.924867784389736,2.3690790034875837), (5.424867784389735,2.3690790034875837), (5.424867784389735,3.069079003487584), (4.924867784389736,3.069079003487584)]
