h: [(0,1), (6,1), (6,2), (0,2)]
r1: [(0,0), (2,0), (2,1), (0,1)]
r2: [(0,2), (2,2), (2,3), (0,3)]
r3: [(2,0), (4,0), (4,1), (2,1)]
r4: [(2,2), (4,2), (4,3), (2,3)]
r5: [(4,0), (6,0), (6,1), (4,1)]
r6: [(4,2), (6,2), (6,3), (4,3)]
b: [(0.6756047234106537,0.007638325764404764), (0.8756047234106537,0.007638325764404764), (0.8756047234106537,0.20763832576440477), (0.6756047234106537,0.20763832576440477)] & [(0.9872805405623925,2.456221526117062), (1.1872805405623925,2.456221526117062), (1.1872805405623925,2.6562215261170623), (0.9872805405623925,2.6562215261170623)] & [(2.787305106402247,0.047750500850830394), (2.987305106402247,0.047750500850830394), (2.987305106402247,0.2477505008508304), (2.787305106402247,0.2477505008508304)] & [(2.096112128612434,2.5874612009105666), (2.296112128612434,2.5874612009105666), (2.296112128612434,2.787461200910567), (2.096112128612434,2.787461200910567)] & [(5.3916290406840925,0.016754266818509143), (5.591629040684093,0.016754266818509143), (5.591629040684093,0.21675426681850915), (5.3916290406840925,0.21675426681850915)] & [(5.622837635053097,2.4539051761963164), (5.822837635053097,2.4539051761963164), (5.822837635053097,2.6539051761963166), (5.622837635053097,2.6539051761963166)]
t: [(0.9226945417747267,0), (1.4226945417747268,0), (1.4226945417747268,0.6072255580784836), (0.9226945417747267,0.6072255580784836)] & [(0.15076855567809064,2.3917365820351626), (0.6507685556780906,2.3917365820351626), (0.6507685556780906,3.0917365820351628), (0.15076855567809064,3.0917365820351628)] & [(1.9912914409968736,0.1347902543175968), (2.691291440996874,0.1347902543175968), (2.691291440996874,0.6347902543175968), (1.9912914409968736,0.6347902543175968)] & [(2.3373321786291688,2.5462906137155894), (3.037332178629169,2.5462906137155894), (3.037332178629169,3.0462906137155894), (2.3373321786291688,3.0462906137155894)] & [(4.334419540713759,0.009544369551212462), (5.034419540713758,0.009544369551212462), (5.034419540713758,0.5095443695512124), (4.334419540713759,0.5095443695512124)] & [(4.053096590170196,2.3611472024871394), (4.553096590170195,2.3611472024871394), (4.553096590170195,3.0611472024871396), (4.053096590170196,3.0611472024871396)]
