h: [(0,1), (6,1), (6,2), (0,2)]
r1: [(0,0), (2,0), (2,1), (0,1)]
r2: [(0,2), (2,2), (2,3), (0,3)]
r3: [(2,0), (4,0), (4,1), (2,1)]
r4: [(2,2), (4,2), (4,3), (2,3)]
r5: [(4,0), (6,0), (6,1), (4,1)]
r6: [(4,2), (6,2), (6,3), (4,3)]
b: [(0.11811526265085452,0.032930382583812375), (0.31811526265085455,0.032930382583812375), (0.31811526265085455,0.23293038258381238), (0.11811526265085452,0.23293038258381238)] & [(0.16105915797051235,2.6388502681337216), (0.36105915797051236,2.6388502681337216), (0.36105915797051236,2.8388502681337218), (0.16105915797051235,2.8388502681337218)] & [(2.7008687169350876,0.2427362550797906), (2.9008687169350877,0.2427362550797906), (2.9008687169350877,0.44273625507979064), (2.7008687169350876,0.44273625507979064)] & [(2.5689817804040844,2.4655935571565544), (2.7689817804040846,2.4655935571565544), (2.7689817804040846,2.6655935571565545), (2.5689817804040844,2.6655935571565545)] & [(5.283219932144471,0.04522185719169458), (5.483219932144471,0.04522185719169458), (5.483219932144471,0.2452218571916946), (5.283219932144471,0.2452218571916946)] & [(4.928719586239298,2.5874194936723596), (5.128719586239298,2.5874194936723596), (5.128719586239298,2.7874194936723597), (4.928719586239298,2.7874194936723597)]
t: [(0.7952914253443238,0), (1.295291425344324,0), (1.295291425344324,0.6119902554786304), (0.7952914253443238,0.6119902554786304)] & [(0.37038288884073767,2.38625306046861), (1.0703828888407378,2.38625306046861), (1.0703828888407378,2.88625306046861), (0.37038288884073767,2.88625306046861)] & [(2.084598389110481,0), (2.784598389110481,0), (2.784598389110481,0.4507445756420788), (2.084598389110481,0.4507445756420788)] & [(2.678874976284508,2.414569907377064), (3.378874976284508,2.414569907377064), (3.378874976284508,2.914569907377064), (2.678874976284508,2.914569907377064)] & [(4.4211998269107875,0), (4.921199826910787,0), (4.921199826910787,0.6241085481806887), (4.4211998269107875,0.6241085481806887)] & [(5.174751045727751,2.4630716256667573), (5.87475104572775,2.4630716256667573), (5.87475104572775,2.9630716256667573), (5.174751045727751,2.9630716256667573)]
