h: [(0,1), (6,1), (6,2), (0,2)]
r1: [(0,0), (2,0), (2,1), (0,1)]
r2: [(0,2), (2,2), (2,3), (0,3)]
r3: [(2,0), (4,0), (4,1), (2,1)]
r4: [(2,2), (4,2), (4,3), (2,3)]
r5: [(4,0), (6,0), (6,1), (4,1)]
r6: [(4,2), (6,2), (6,3), (4,3)]
b: [(1.1155502173339453,0.03153893815790105), (1.3155502173339453,0.03153893815790105), (1.3155502173339453,0.23153893815790105), (1.1155502173339453,0.23153893815790105)] & [(1.4399066989622327,2.6601247438698756), (1.6399066989622326,2.6601247438698756), (1.6399066989622326,2.860124743869876), (1.4399066989622327,2.860124743869876)] & [(2.257718209416518,0.11324229194963475), (2.457718209416518,0.11324229194963475), (2.457718209416518,0.31324229194963477), (2.257718209416518,0.31324229194963477)] & [(3.2230144644651375,2.691353761779364), (3.4230144644651377,2.691353761779364), (3.4230144644651377,2.891353761779364), (3.2230144644651375,2.891353761779364)] & [(5.466915452012328,0.20151400297095184), (5.666915452012328,0.20151400297095184), (5.666915452012328,0.40151400297095186), (5.466915452012328,0.40151400297095186)] & [(4.175588955692528,2.570898724309836), (4.375588955692528,2.570898724309836), (4.375588955692528,2.770898724309836), (4.175588955692528,2.770898724309836)]
t: [(0.09668825345028892,0.09771416083247586), (0.7966882534502889,0.09771416083247586), (0.7966882534502889,0.5977141608324759), (0.09668825345028892,0.5977141608324759)] & [(0.2918945292109256,2.53892147394795), (0.9918945292109257,2.53892147394795), (0.9918945292109257,3.03892147394795), (0.2918945292109256,3.03892147394795)] & [(2.759893087699537,0), (3.459893087699537,0), (3.459893087699537,0.45290720785317196), (2.759893087699537,0.45290720785317196)] & [(2.565815360518983,2.442253249503729), (3.265815360518983,2.442253249503729), (3.265815360518983,2.942253249503729), (2.565815360518983,2.942253249503729)] & [(4.6584349310574735,0), (5.358434931057473,0), (5.358434931057473,0.4302834122203989), (4.6584349310574735,0.4302834122203989)] & [(4.755110234426586,2.5358941266820247), (5.455110234426585,2.5358941266820247), (5.455110234426585,3.0358941266820247), (4.755110234426586,3.0358941266820247)]
