h: [(0,1), (6,1), (6,2), (0,2)]
r1: [(0,0), (2,0), (2,1), (0,1)]
r2: [(0,2), (2,2), (2,3), (0,3)]
r3: [(2,0), (4,0), (4,1), (2,1)]
r4: [(2,2), (4,2), (4,3), (2,3)]
r5: [(4,0), (6,0), (6,1), (4,1)]
r6: [(4,2), (6,2), (6,3), (4,3)]
b: [(0.49297711892443113,0.015049594226306537), (0.6929771189244311,0.015049594226306537), (0.6929771189244311,0.21504959422630654), (0.49297711892443113,0.21504959422630654)] & [(0.21431383985479632,2.4790139206409822), (0.4143138398547963,2.4790139206409822), (0.4143138398547963,2.6790139206409824), (0.21431383985479632,2.6790139206409824)] & [(3.396269860100288,0.06629043837130964), (3.5962698601002883,0.06629043837130964), (3.5962698601002883,0.26629043837130967), (3.396269860100288,0.26629043837130967)] & [(2.205962369013088,2.621839834816), (2.4059623690130882,2.621839834816), (2.4059623690130882,2.821839834816), (2.205962369013088,2.821839834816)] & [(4.183447069615023,0.009827772955626897), (4.383447069615023,0.009827772955626897), (4.383447069615023,0.2098277729556269), (4.183447069615023,0.2098277729556269)] & [(4.592159496029942,2.6909432953073655), (4.792159496029942,2.6909432953073655), (4.792159496029942,2.8909432953073657), (4.592159496029942,2.8909432953073657)]
t: [(1.1789792864532478,0), (1.678979286453248,0), (1.678979286453248,0.6295483085447822), (1.1789792864532478,0.6295483085447822)] & [(0.8491040714414313,2.3697950946231594), (1.3491040714414313,2.3697950946231594), (1.3491040714414313,3.0697950946231596), (0.8491040714414313,3.0697950946231596)] & [(2.4232895007729063,0.08011129466273953), (3.1232895007729065,0.08011129466273953), (3.1232895007729065,0.5801112946627395), (2.4232895007729063,0.5801112946627395)] & [(2.959702102603796,2.3835468194611114), (3.6597021026037964,2.3835468194611114), (3.6597021026037964,2.8835468194611114), (2.959702102603796,2.8835468194611114)] & [(5.221667878849415,0.10724884172772536), (5.921667878849414,0.10724884172772536), (5.921667878849414,0.6072488417277253), (5.221667878849415,0.6072488417277253)] & [(5.0692407271084345,2.4509027029709936), (5.769240727108434,2.4509027029709936), (5.769240727108434,2.9509027029709936), (5.0692407271084345,2.9509027029709936)]
