h: [(0,1), (6,1), (6,2), (0,2)]
r1: [(0,0), (2,0), (2,1), (0,1)]
r2: [(0,2), (2,2), (2,3), (0,3)]
r3: [(2,0), (4,0), (4,1), (2,1)]
r4: [(2,2), (4,2), (4,3), (2,3)]
r5: [(4,0), (6,0), (6,1), (4,1)]
r6: [(4,2), (6,2), (6,3), (4,3)]
b: [(1.2228004705762596,0.13560243935431635), (1.4228004705762596,0.13560243935431635), (1.4228004705762596,0.33560243935431633), (1.2228004705762596,0.33560243935431633)] & [(0.4527325370305709,2.4914500100185477), (0.652732537030571,2.4914500100185477), (0.652732537030571,2.691450010018548), (0.4527325370305709,2.691450010018548)] & [(3.094378923924644,0.24792504398140536), (3.2943789239246444,0.24792504398140536), (3.2943789239246444,0.44792504398140537), (3.094378923924644,0.44792504398140537)] & [(3.606383018402605,2.499055522037998), (3.806383018402605,2.499055522037998), (3.806383018402605,2.699055522037998), (3.606383018402605,2.699055522037998)] & [(5.03050440803327,0.08335949945073858), (5.23050440803327,0.08335949945073858), (5.23050440803327,0.2833594994507386), (5.03050440803327,0.2833594994507386)] & [(4.104040366826478,2.531268434196959), (4.304040366826478,2.531268434196959), (4.304040366826478,2.7312684341969593), (4.104040366826478,2.7312684341969593)]
t: [(0.3092945036159357,0.1197365764177202), (1.0092945036159358,0.1197365764177202), (1.0092945036159358,0.6197365764177202), (0.3092945036159357,0.6197365764177202)] & [(0.8588932779350468,2.5925252479899155), (1.5588932779350468,2.5925252479899155), (1.5588932779350468,3.0925252479899155), (0.8588932779350468,3.0925252479899155)] & [(3.2261892092272246,0), (3.926189209227225,0), (3.926189209227225,0.4412649652869234), (3.2261892092272246,0.4412649652869234)] & [(1.9745801449989502,2.35708047091434), (2.47458014499895,2.35708047091434), (2.47458014499895,3.05708047091434), (1.9745801449989502,3.05708047091434)] & [(4.157513690420927,0.11798180458654339), (4.857513690420927,0.11798180458654339), (4.857513690420927,0.6179818045865434), (4.157513690420927,0.6179818045865434)] & [(5.375018301581811,2.5003478022747347), (6.07501830158181,2.5003478022747347), (6.07501830158181,3.0003478022747347), (5.375018301581811,3.0003478022747347)]
