h: [(0,1), (6,1), (6,2), (0,2)]
r1: [(0,0), (2,0), (2,1), (0,1)]
r2: [(0,2), (2,2), (2,3), (0,3)]
r3: [(2,0), (4,0), (4,1), (2,1)]
r4: [(2,2), (4,2), (4,3), (2,3)]
r5: [(4,0), (6,0), (6,1), (4,1)]
r6: [(4,2), (6,2), (6,3), (4,3)]
b: [(0.7015703084089705,0.038623830281704706), (0.9015703084089706,0.038623830281704706), (0.9015703084089706,0.23862383028170472), (0.7015703084089705,0.23862383028170472)] & [(0.20925017862965103,2.5861683742290227), (0.4092501786296511,2.5861683742290227), (0.4092501786296511,2.786168374229023), (0.20925017862965103,2.786168374229023)] & [(2.9561644672198404,0.0026357705986054048), (3.1561644672198406,0.0026357705986054048), (3.1561644672198406,0.2026357705986054), (2.9561644672198404,0.2026357705986054)] & [(2.981580357721053,2.649232716289256), (3.181580357721053,2.649232716289256), (3.181580357721053,2.849232716289256), (2.981580357721053,2.849232716289256)] & [(4.212448328648438,0.029406652808423864), (4.412448328648439,0.029406652808423864), (4.412448328648439,0.22940665280842387), (4.212448328648438,0.22940665280842387)] & [(4.444053704141561,2.4632474730834826), (4.6440537041415615,2.4632474730834826), (4.6440537041415615,2.6632474730834828), (4.444053704141561,2.6632474730834828)]
t: [(0.04269698099684954,0), (0.5426969809968495,0), (0.5426969809968495,0.6398158435937955), (0.04269698099684954,0.6398158435937955)] & [(0.8713740535651473,2.43691650205181), (1.5713740535651475,2.43691650205181), (1.5713740535651475,2.93691650205181), (0.8713740535651473,2.93691650205181)] & [(2.446588823264464,0), (2.946588823264464,0), (2.946588823264464,0.648015090875233), (2.446588823264464,0.648015090875233)] & [(1.9961538498075155,2.413118901779004), (2.6961538498075157,2.413118901779004), (2.6961538498075157,2.913118901779004), (1.9961538498075155,2.913118901779004)] & [(4.639090510480221,0), (5.13909051048022,0), (5.13909051048022,0.6059632157006778), (4.639090510480221,0.6059632157006778)] & [(4.659096687913806,2.3765521730857184), (5.159096687913805,2.3765521730857184), (5.159096687913805,3.0765521730857186), (4.659096687913806,3.0765521730857186)]
