h: [(0,1), (6,1), (6,2), (0,2)]
r1: [(0,0), (2,0), (2,1), (0,1)]
r2: [(0,2), (2,2), (2,3), (0,3)]
r3: [(2,0), (4,0), (4,1), (2,1)]
r4: [(2,2), (4,2), (4,3), (2,3)]
r5: [(4,0), (6,0), (6,1), (4,1)]
r6: [(4,2), (6,2), (6,3), (4,3)]
b: [(1.1485809043799373,0.2469337731111681), (1.3485809043799373,0.2469337731111681), (1.3485809043799373,0.4469337731111681), (1.1485809043799373,0.4469337731111681)] & [(1.1687458767644272,2.541836923714405), (1.3687458767644272,2.541836923714405), (1.3687458767644272,2.741836923714405), (1.1687458767644272,2.741836923714405)] & [(2.1067051540466513,0.17118069593142743), (2.3067051540466514,0.17118069593142743), (2.3067051540466514,0.37118069593142744), (2.1067051540466513,0.37118069593142744)] & [(2.1333573414818274,2.6054118496787746), (2.3333573414818276,2.6054118496787746), (2.3333573414818276,2.8054118496787748), (2.1333573414818274,2.8054118496787748)] & [(4.792022385022587,0.004647473261205913), (4.9920223850225875,0.004647473261205913), (4.9920223850225875,0.20464747326120591), (4.792022385022587,0.20464747326120591)] & [(5.188101862250924,2.5001200808704263), (5.388101862250924,2.5001200808704263), (5.388101862250924,2.7001200808704264), (5.188101862250924,2.7001200808704264)]
t: [(0.4475398324971722,0.0862257482975482), (1.1475398324971722,0.0862257482975482), (1.1475398324971722,0.5862257482975481), (0.4475398324971722,0.5862257482975481)] & [(0,2.43420841332515), (0.6029883741527253,2.43420841332515), (0.6029883741527253,2.93420841332515), (0,2.93420841332515)] & [(2.95610160664274,0.007969305550656086), (3.65610160664274,0.007969305550656086), (3.65610160664274,0.5079693055506561), (2.95610160664274,0.5079693055506561)] & [(2.9450914342350214,2.523360796549322), (3.6450914342350216,2.523360796549322), (3.6450914342350216,3.023360796549322), (2.9450914342350214,3.023360796549322)] & [(5.248736536630485,0), (5.748736536630484,0), (5.748736536630484,0.6143327349922483), (5.248736536630485,0.6143327349922483)] & [(4.109435194196275,2.548138845605948), (4.809435194196274,2.548138845605948), (4.809435194196274,3.048138845605948), (4.109435194196275,3.048138845605948)]
