h: [(0,1), (6,1), (6,2), (0,2)]
r1: [(0,0), (2,0), (2,1), (0,1)]
r2: [(0,2), (2,2), (2,3), (0,3)]
r3: [(2,0), (4,0), (4,1), (2,1)]
r4: [(2,2), (4,2), (4,3), (2,3)]
r5: [(4,0), (6,0), (6,1), (4,1)]
r6: [(4,2), (6,2), (6,3), (4,3)]
b: [(0.14918373932486229,0.17593679173355492), (0.3491837393248623,0.17593679173355492), (0.3491837393248623,0.37593679173355493), (0.14918373932486229,0.37593679173355493)] & [(1.5194797633700923,2.4870611890408294), (1.7194797633700922,2.4870611890408294), (1.7194797633700922,2.6870611890408296), (1.5194797633700923,2.6870611890408296)] & [(2.1318525582254906,0.09449275959708958), (2.3318525582254908,0.09449275959708958), (2.3318525582254908,0.2944927595970896), (2.1318525582254906,0.2944927595970896)] & [(2.0523318040625433,2.4987068023548735), (2.2523318040625435,2.4987068023548735), (2.2523318040625435,2.6987068023548737), (2.0523318040625433,2.6987068023548737)] & [(4.192877609752547,0.009969335835464414), (4.3928776097525475,0.009969335835464414), (4.3928776097525475,0.20996933583546443), (4.192877609752547,0.20996933583546443)] & [(5.195951189347248,2.497251780030994), (5.395951189347248,2.497251780030994), (5.395951189347248,2.697251780030994), (5.195951189347248,2.697251780030994)]
t: [(1.2653176263255033,0.05466768701730357), (1.9653176263255034,0.05466768701730357), (1.9653176263255034,0.5546676870173035), (1.2653176263255033,0.5546676870173035)] & [(0.14175548040639455,2.3584690953808973), (0.6417554804063945,2.3584690953808973), (0.6417554804063945,3.0584690953808975), (0.14175548040639455,3.0584690953808975)] & [(3.119608078509295,0), (3.819608078509295,0), (3.819608078509295,0.4124654842968677), (3.119608078509295,0.4124654842968677)] & [(2.9272163335383996,2.422306404527379), (3.6272163335384,2.422306404527379), (3.6272163335384,2.922306404527379), (2.9272163335383996,2.922306404527379)] & [(5.0500890370431515,0), (5.550089037043151,0), (5.550089037043151,0.6284917131856189), (5.0500890370431515,0.6284917131856189)] & [(4.21150779037499,2.393242534327732), (4.711507790374989,2.393242534327732), (4.711507790374989,3.0932425343277323), (4.21150779037499,3.0932425343277323)]
