h: [(0,1), (6,1), (6,2), (0,2)]
r1: [(0,0), (2,0), (2,1), (0,1)]
r2: [(0,2), (2,2), (2,3), (0,3)]
r3: [(2,0), (4,0), (4,1), (2,1)]
r4: [(2,2), (4,2), (4,3), (2,3)]
r5: [(4,0), (6,0), (6,1), (4,1)]
r6: [(4,2), (6,2), (6,3), (4,3)]
b: [(0.8821770338800649,0.03773924245967616), (1.082177033880065,0.03773924245967616), (1.082177033880065,0.23773924245967618), (0.8821770338800649,0.23773924245967618)] & [(0.453282576996963,2.53740967997299), (0.653282576996963,2.53740967997299), (0.653282576996963,2.7374096799729903), (0.453282576996963,2.7374096799729903)] & [(2.4198201060937623,0.20478430891179245), (2.6198201060937625,0.20478430891179245), (2.6198201060937625,0.40478430891179246), (2.4198201060937623,0.40478430891179246)] & [(2.6264510276862034,2.4789392378893966), (2.8264510276862036,2.4789392378893966), (2.8264510276862036,2.678939237889397), (2.6264510276862034,2.678939237889397)] & [(4.520639150842522,0.021034584271862496), (4.720639150842522,0.021034584271862496), (4.720639150842522,0.2210345842718625), (4.520639150842522,0.2210345842718625)] & [(4.725827381955715,2.4569435189649673), (4.925827381955715,2.4569435189649673), (4.925827381955715,2.6569435189649675), (4.725827381955715,2.6569435189649675)]
t: [(1.52585450305639,0), (2.02585450305639,0), (2.02585450305639,0.6003459212272931), (1.52585450305639,0.6003459212272931)] & [(0.66595684241409,2.4585596076995664), (1.3659568424140902,2.4585596076995664), (1.3659568424140902,2.9585596076995664), (0.66595684241409,2.9585596076995664)] & [(2.8590678403308463,0.14114770177206723), (3.5590678403308464,0.14114770177206723), (3.5590678403308464,0.6411477017720671), (2.8590678403308463,0.6411477017720671)] & [(3.233063494692632,2.353035410524764), (3.733063494692632,2.353035410524764), (3.733063494692632,3.0530354105247643), (3.233063494692632,3.0530354105247643)] & [(5.533925707979278,0), (6.033925707979277,0), (6.033925707979277,0.6331662867874827), (5.533925707979278,0.6331662867874827)] & [(4.847430668691071,2.3748256309846205), (5.34743066869107,2.3748256309846205), (5.34743066869107,3.0748256309846207), (4.847430668691071,3.0748256309846207)]
