h: [(0,1), (6,1), (6,2), (0,2)]
r1: [(0,0), (2,0), (2,1), (0,1)]
r2: [(0,2), (2,2), (2,3), (0,3)]
r3: [(2,0), (4,0), (4,1), (2,1)]
r4: [(2,2), (4,2), (4,3), (2,3)]
r5: [(4,0), (6,0), (6,1), (4,1)]
r6: [(4,2), (6,2), (6,3), (4,3)]
b: [(0.04389766626907763,0.041922800516879306), (0.24389766626907763,0.041922800516879306), (0.24389766626907763,0.2419228005168793), (0.04389766626907763,0.2419228005168793)] & [(0.4270149107280416,2.5130072856933103), (0.6270149107280416,2.5130072856933103), (0.6270149107280416,2.7130072856933105), (0.4270149107280416,2.7130072856933105)] & [(3.3893427689170137,0.005298629208934718), (3.589342768917014,0.005298629208934718), (3.589342768917014,0.20529862920893474), (3.3893427689170137,0.20529862920893474)] & [(2.1849768250837283,2.457875111251526), (2.3849768250837284,2.457875111251526), (2.3849768250837284,2.657875111251526), (2.1849768250837283,2.657875111251526)] & [(4.952570005928863,0.09358185305546608), (5.1525700059288635,0.09358185305546608), (5.1525700059288635,0.2935818530554661), (4.952570005928863,0.2935818530554661)] & [(4.122680091650957,2.6936512224734166), (4.322680091650957,2.6936512224734166), (4.322680091650957,2.8936512224734168), (4.122680091650957,2.8936512224734168)]
t: [(0.31541000531217833,0), (0.8154100053121783,0), (0.8154100053121783,0.6120904183087441), (0.31541000531217833,0.6120904183087441)] & [(0.9207303132730805,2.3673686407509895), (1.6207303132730806,2.3673686407509895), (1.6207303132730806,2.8673686407509895), (0.9207303132730805,2.8673686407509895)] & [(2.224895791478429,0), (2.724895791478429,0), (2.724895791478429,0.6040420332208448), (2.224895791478429,0.6040420332208448)] & [(2.95246530434071,2.4301026509600927), (3.6524653043407103,2.4301026509600927), (3.6524653043407103,2.9301026509600927), (2.95246530434071,2.9301026509600927)] & [(4.164401235925034,0), (4.864401235925033,0), (4.864401235925033,0.4659718482826444), (4.164401235925034,0.4659718482826444)] & [(5.11095163184171,2.4899503858929934), (5.810951631841709,2.4899503858929934), (5.810951631841709,2.9899503858929934), (5.11095163184171,2.9899503858929934)]
