h: [(0,1), (6,1), (6,2), (0,2)]
r1: [(0,0), (2,0), (2,1), (0,1)]
r2: [(0,2), (2,2), (2,3), (0,3)]
r3: [(2,0), (4,0), (4,1), (2,1)]
r4: [(2,2), (4,2), (4,3), (2,3)]
r5: [(4,0), (6,0), (6,1), (4,1)]
r6: [(4,2), (6,2), (6,3), (4,3)]
b: [(1.39585647133261,0.16150575573603926), (1.59585647133261,0.16150575573603926), (1.59585647133261,0.36150575573603927), (1.39585647133261,0.36150575573603927)] & [(1.2737940308459015,2.4620792926980597), (1.4737940308459014,2.4620792926980597), (1.4737940308459014,2.66207929269806), (1.2737940308459015,2.66207929269806)] & [(3.485936506807443,0.01635320817577594), (3.685936506807443,0.01635320817577594), (3.685936506807443,0.21635320817577594), (3.485936506807443,0.21635320817577594)] & [(2.162725726535943,2.478890366110483), (2.362725726535943,2.478890366110483), (2.362725726535943,2.6788903661104833), (2.162725726535943,2.6788903661104833)] & [(4.111047158065449,0.04525200078837149), (4.311047158065449,0.04525200078837149), (4.311047158065449,0.2452520007883715), (4.111047158065449,0.2452520007883715)] & [(4.38769115504534,2.574331124702881), (4.5876911550453405,2.574331124702881), (4.5876911550453405,2.774331124702881), (4.38769115504534,2.774331124702881)]
t: [(0.7808529235870659,0.011133984259720092), (1.480852923587066,0.011133984259720092), (1.480852923587066,0.5111339842597201), (0.7808529235870659,0.5111339842597201)] & [(0,2.489145470230414), (0.6076255656620162,2.489145470230414), (0.6076255656620162,2.989145470230414), (0,2.989145470230414)] & [(2.071416905442203,0), (2.571416905442203,0), (2.571416905442203,0.6486046748090936), (2.071416905442203,0.6486046748090936)] & [(2.2920381403921377,2.3945009859722304), (2.7920381403921377,2.3945009859722304), (2.7920381403921377,3.0945009859722306), (2.2920381403921377,3.0945009859722306)] & [(5.451675485129415,0), (5.951675485129414,0), (5.951675485129414,0.6390687073872727), (5.451675485129415,0.6390687073872727)] & [(4.720138647857259,2.3749252526602236), (5.420138647857258,2.3749252526602236), (5.420138647857258,2.8749252526602236), (4.720138647857259,2.8749252526602236)]
