h: [(0,1), (6,1), (6,2), (0,2)]
r1: [(0,0), (2,0), (2,1), (0,1)]
r2: [(0,2), (2,2), (2,3), (0,3)]
r3: [(2,0), (4,0), (4,1), (2,1)]
r4: [(2,2), (4,2), (4,3), (2,3)]
r5: [(4,0), (6,0), (6,1), (4,1)]
r6: [(4,2), (6,2), (6,3), (4,3)]
b: [(0.4799877606907965,0.012423059137963755), (0.6799877606907965,0.012423059137963755), (0.6799877606907965,0.21242305913796378), (0.4799877606907965,0.21242305913796378)] & [(1.4098886539824131,2.6437497372453183), (1.609888653982413,2.6437497372453183), (1.609888653982413,2.8437497372453184), (1.4098886539824131,2.8437497372453184)] & [(2.8454025417329762,0.0035753242569494114), (3.0454025417329764,0.0035753242569494114), (3.0454025417329764,0.20357532425694944), (2.8454025417329762,0.20357532425694944)] & [(3.518622309957162,2.454401118516906), (3.718622309957162,2.454401118516906), (3.718622309957162,2.654401118516906), (3.518622309957162,2.654401118516906)] & [(5.63873413523361,0.04591356610144603), (5.83873413523361,0.04591356610144603), (5.83873413523361,0.24591356610144605), (5.63873413523361,0.24591356610144605)] & [(5.052585344409897,2.4684995955819327), (5.252585344409897,2.4684995955819327), (5.252585344409897,2.668499595581933), (5.052585344409897,2.668499595581933)]
t: [(1.5406170447040692,0), (2.0406170447040695,0), (2.0406170447040695,0.6412740837976286), (1.5406170447040692,0.6412740837976286)] & [(0.7565569235030573,2.5115092556752994), (1.4565569235030573,2.5115092556752994), (1.4565569235030573,3.0115092556752994), (0.7565569235030573,3.0115092556752994)] & [(1.958126766830501,0), (2.458126766830501,0), (2.458126766830501,0.637415126275081), (1.958126766830501,0.637415126275081)] & [(2.1105221501132223,2.3747578245000116), (2.6105221501132223,2.3747578245000116), (2.6105221501132223,3.074757824500012), (2.1105221501132223,3.074757824500012)] & [(5.224424138989627,0), (5.724424138989626,0), (5.724424138989626,0.62898474292997), (5.224424138989627,0.62898474292997)] & [(5.516869639495532,2.3661902945179323), (6.016869639495531,2.3661902945179323), (6.016869639495531,3.0661902945179325), (5.516869639495532,3.0661902945179325)]
