h: [(0,1), (6,1), (6,2), (0,2)]
r1: [(0,0), (2,0), (2,1), (0,1)]
r2: [(0,2), (2,2), (2,3), (0,3)]
r3: [(2,0), (4,0), (4,1), (2,1)]
r4: [(2,2), (4,2), (4,3), (2,3)]
r5: [(4,0), (6,0), (6,1), (4,1)]
r6: [(4,2), (6,2), (6,3), (4,3)]
b: [(1.0224275088740262,0.0013820208777860844), (1.2224275088740262,0.0013820208777860844), (1.2224275088740262,0.2013820208777861), (1.0224275088740262,0.2013820208777861)] & [(0.8887703225686132,2.4764450843951336), (1.0887703225686132,2.4764450843951336), (1.0887703225686132,2.6764450843951337), (0.8887703225686132,2.6764450843951337)] & [(2.318160255864874,0.24105983909772613), (2.518160255864874,0.24105983909772613), (2.518160255864874,0.44105983909772617), (2.318160255864874,0.44105983909772617)] & [(2.5777069157360857,2.52555133591115), (2.777706915736086,2.52555133591115), (2.777706915736086,2.7255513359111503), (2.5777069157360857,2.7255513359111503)] & [(4.509013418298084,0.0030645957931840244), (4.709013418298084,0.0030645957931840244), (4.709013418298084,0.20306459579318403), (4.509013418298084,0.20306459579318403)] & [(4.520999919675248,2.519640958711298), (4.720999919675248,2.519640958711298), (4.720999919675248,2.719640958711298), (4.520999919675248,2.719640958711298)]
t: [(1.2894128487716696,0), (1.7894128487716698,0), (1.7894128487716698,0.6392893168729414), (1.2894128487716696,0.6392893168729414)] & [(1.3520520250416765,2.381448808500445), (1.8520520250416768,2.381448808500445), (1.8520520250416768,3.0814488085004452), (1.3520520250416765,3.0814488085004452)] & [(3.067089692495875,0.13908903056191635), (3.767089692495875,0.13908903056191635), (3.767089692495875,0.6390890305619163), (3.067089692495875,0.6390890305619163)] & [(2.7146729796212425,2.3550623872644256), (3.4146729796212427,2.3550623872644256), (3.4146729796212427,2.8550623872644256), (2.7146729796212425,2.8550623872644256)] & [(4.97574192584211,0), (5.475741925842109,0), (5.475741925842109,0.639962139461184), (4.97574192584211,0.639962139461184)] & [(5.173972037270301,2.425921278236854), (5.8739720372703,2.425921278236854), (5.8739720372703,2.925921278236854), (5.173972037270301,2.925921278236854)]
