h: [(0,1), (6,1), (6,2), (0,2)]
r1: [(0,0), (2,0), (2,1), (0,1)]
r2: [(0,2), (2,2), (2,3), (0,3)]
r3: [(2,0), (4,0), (4,1), (2,1)]
r4: [(2,2), (4,2), (4,3), (2,3)]
r5: [(4,0), (6,0), (6,1), (4,1)]
r6: [(4,2), (6,2), (6,3), (4,3)]
b: [(0.10822928810211956,0.09541350171313465), (0.3082292881021196,0.09541350171313465), (0.3082292881021196,0.29541350171313463), (0.10822928810211956,0.29541350171313463)] & [(0.28079907415670535,2.4841448878190633), (0.48079907415670536,2.4841448878190633), (0.48079907415670536,2.6841448878190635), (0.28079907415670535,2.6841448878190635)] & [(2.5839334054476017,0.14314659214832734), (2.783933405447602,0.14314659214832734), (2.783933405447602,0.3431465921483273), (2.5839334054476017,0.3431465921483273)] & [(3.4334336202157525,2.6678456188767656), (3.6334336202157527,2.6678456188767656), (3.6334336202157527,2.867845618876766), (3.4334336202157525,2.867845618876766)] & [(4.266450476619937,0.009471154864101241), (4.466450476619937,0.009471154864101241), (4.466450476619937,0.20947115486410126), (4.266450476619937,0.20947115486410126)] & [(4.247321544031868,2.568365574780718), (4.447321544031868,2.568365574780718), (4.447321544031868,2.7683655747807183), (4.247321544031868,2.7683655747807183)]
t: [(0.4684250515435717,0.038084853035525806), (1.1684250515435717,0.038084853035525806), (1.1684250515435717,0.5380848530355258), (0.4684250515435717,0.5380848530355258)] & [(0.941211362220077,2.37903452316435), (1.441211362220077,2.37903452316435), (1.441211362220077,3.07903452316435), (0.941211362220077,3.07903452316435)] & [(2.7465359036432986,0.073133541249254), (3.4465359036432988,0.073133541249254), (3.4465359036432988,0.573133541249254), (2.7465359036432986,0.573133541249254)] & [(2.4786789177093054,2.466718257451437), (3.1786789177093056,2.466718257451437), (3.1786789177093056,2.966718257451437), (2.4786789177093054,2.966718257451437)] & [(5.0771524981068925,0), (5.577152498106892,0), (5.577152498106892,0.6174051881449348), (5.0771524981068925,0.6174051881449348)] & [(5.353756536429743,2.381729578714294), (6.053756536429742,2.381729578714294), (6.053756536429742,2.881729578714294), (5.353756536429743,2.881729578714294)]
