h: [(0,1), (6,1), (6,2), (0,2)]
r1: [(0,0), (2,0), (2,1), (0,1)]
r2: [(0,2), (2,2), (2,3), (0,3)]
r3: [(2,0), (4,0), (4,1), (2,1)]
r4: [(2,2), (4,2), (4,3), (2,3)]
r5: [(4,0), (6,0), (6,1), (4,1)]
r6: [(4,2), (6,2), (6,3), (4,3)]
b: [(0.5067255525336471,0.0062239809300435765), (0.7067255525336471,0.0062239809300435765), (0.7067255525336471,0.2062239809300436), (0.5067255525336471,0.2062239809300436)] & [(0.3199640937790803,2.4571240360494304), (0.5199640937790804,2.4571240360494304), (0.5199640937790804,2.6571240360494306), (0.3199640937790803,2.6571240360494306)] & [(2.283036615655687,0.010856354055284043), (2.483036615655687,0.010856354055284043), (2.483036615655687,0.21085635405528405), (2.283036615655687,0.21085635405528405)] & [(3.218185469857014,2.695950038227731), (3.418185469857014,2.695950038227731), (3.418185469857014,2.8959500382277312), (3.218185469857014,2.8959500382277312)] & [(5.112301160368781,0.0034747587440862346), (5.312301160368781,0.0034747587440862346), (5.312301160368781,0.20347475874408624), (5.112301160368781,0.20347475874408624)] & [(4.564503089419015,2.4768408324597004), (4.764503089419015,2.4768408324597004), (4.764503089419015,2.6768408324597006), (4.564503089419015,2.6768408324597006)]
t: [(1.1519592561597516,0), (1.6519592561597518,0), (1.6519592561597518,0.6074408058097894), (1.1519592561597516,0.6074408058097894)] & [(0.5904266701914278,2.3876513450505836), (1.0904266701914278,2.3876513450505836), (1.0904266701914278,3.087651345050584), (0.5904266701914278,3.087651345050584)] & [(3.4516587823186966,0), (3.9516587823186966,0), (3.9516587823186966,0.6007730094823587), (3.4516587823186966,0.6007730094823587)] & [(2.2434905989338088,2.5187662469808343), (2.943490598933809,2.5187662469808343), (2.943490598933809,3.0187662469808343), (2.2434905989338088,3.0187662469808343)] & [(3.9868421865980808,0), (4.48684218659808,0), (4.48684218659808,0.6405656442533971), (3.9868421865980808,0.6405656442533971)] & [(4.9847447526905455,2.550582512564423), (5.684744752690545,2.550582512564423), (5.684744752690545,3.050582512564423), (4.9847447526905455,3.050582512564423)]
