h: [(0,1), (6,1), (6,2), (0,2)]
r1: [(0,0), (2,0), (2,1), (0,1)]
r2: [(0,2), (2,2), (2,3), (0,3)]
r3: [(2,0), (4,0), (4,1), (2,1)]
r4: [(2,2), (4,2), (4,3), (2,3)]
r5: [(4,0), (6,0), (6,1), (4,1)]
r6: [(4,2), (6,2), (6,3), (4,3)]
b: [(1.295073309941695,0.04717672068165906), (1.4950733099416949,0.04717672068165906), (1.4950733099416949,0.24717672068165908), (1.295073309941695,0.24717672068165908)] & [(0.16323807282156444,2.47268888322298), (0.36323807282156445,2.47268888322298), (0.36323807282156445,2.67268888322298), (0.16323807282156444,2.67268888322298)] & [(3.403803515288757,0.03962330261927354), (3.603803515288757,0.03962330261927354), (3.603803515288757,0.23962330261927356), (3.403803515288757,0.23962330261927356)] & [(3.523962206329692,2.4780537084304024), (3.723962206329692,2.4780537084304024), (3.723962206329692,2.6780537084304026), (3.523962206329692,2.6780537084304026)] & [(4.8280924228263205,0.008307308280817185), (5.028092422826321,0.008307308280817185), (5.028092422826321,0.2083073082808172), (4.8280924228263205,0.2083073082808172)] & [(5.182237022237464,2.486675754170481), (5.382237022237464,2.486675754170481), (5.382237022237464,2.6866757541704813), (5.182237022237464,2.6866757541704813)]
t: [(0.5917747544497657,0), (1.0917747544497658,0), (1.0917747544497658,0.6245932682156021), (0.5917747544497657,0.6245932682156021)] & [(1.2624729857045,2.375894124029099), (1.7624729857045003,2.375894124029099), (1.7624729857045003,3.0758941240290993), (1.2624729857045,3.0758941240290993)] & [(2.2038656355101396,0), (2.7038656355101396,0), (2.7038656355101396,0.6388741836716774), (2.2038656355101396,0.6388741836716774)] & [(2.042716112384393,2.3678245473626927), (2.542716112384393,2.3678245473626927), (2.542716112384393,3.067824547362693), (2.042716112384393,3.067824547362693)] & [(4.173074204886586,0), (4.673074204886585,0), (4.673074204886585,0.6054512808948671), (4.173074204886586,0.6054512808948671)] & [(4.49250901372593,2.4823216546368023), (5.192509013725929,2.4823216546368023), (5.192509013725929,2.9823216546368023), (4.49250901372593,2.9823216546368023)]
