h: [(0,1), (6,1), (6,2), (0,2)]
r1: [(0,0), (2,0), (2,1), (0,1)]
r2: [(0,2), (2,2), (2,3), (0,3)]
r3: [(2,0), (4,0), (4,1), (2,1)]
r4: [(2,2), (4,2), (4,3), (2,3)]
r5: [(4,0), (6,0), (6,1), (4,1)]
r6: [(4,2), (6,2), (6,3), (4,3)]
b: [(1.2144021564882617,0.049966192172317306), (1.4144021564882616,0.049966192172317306), (1.4144021564882616,0.2499661921723173), (1.2144021564882617,0.2499661921723173)] & [(0.0737111341900857,2.4939419490143386), (0.2737111341900857,2.4939419490143386), (0.2737111341900857,2.693941949014339), (0.0737111341900857,2.693941949014339)] & [(2.927785656129095,0.1966128326863762), (3.1277856561290953,0.1966128326863762), (3.1277856561290953,0.3966128326863762), (2.927785656129095,0.3966128326863762)] & [(2.9510916876117763,2.6536445808042366), (3.1510916876117765,2.6536445808042366), (3.1510916876117765,2.8536445808042368), (2.9510916876117763,2.8536445808042368)] & [(5.477767331036534,0.1558059420315875), (5.677767331036534,0.1558059420315875), (5.677767331036534,0.35580594203158755), (5.477767331036534,0.35580594203158755)] & [(4.618882446653774,2.460044391145469), (4.818882446653774,2.460044391145469), (4.818882446653774,2.660044391145469), (4.618882446653774,2.660044391145469)]
t: [(0.4031038992222301,0), (1.1031038992222302,0), (1.1031038992222302,0.44180939818904397), (0.4031038992222301,0.44180939818904397)] & [(1.073343211046844,2.3621293487692636), (1.5733432110468442,2.3621293487692636), (1.5733432110468442,3.062129348769264), (1.073343211046844,3.062129348769264)] & [(3.060017437544363,0), (3.7600174375443634,0), (3.7600174375443634,0.4479239069708246), (3.060017437544363,0.4479239069708246)] & [(2.2975115207839893,2.518893938916532), (2.9975115207839895,2.518893938916532), (2.9975115207839895,3.018893938916532), (2.2975115207839893,3.018893938916532)] & [(4.272396017689072,0), (4.972396017689071,0), (4.972396017689071,0.46437986600591574), (4.272396017689072,0.46437986600591574)] & [(3.972981600435381,2.367103694186946), (4.47298160043538,2.367103694186946), (4.47298160043538,3.067103694186946), (3.972981600435381,3.067103694186946)]
