h: [(0,1), (6,1), (6,2), (0,2)]
r1: [(0,0), (2,0), (2,1), (0,1)]
r2: [(0,2), (2,2), (2,3), (0,3)]
r3: [(2,0), (4,0), (4,1), (2,1)]
r4: [(2,2), (4,2), (4,3), (2,3)]
r5: [(4,0), (6,0), (6,1), (4,1)]
r6: [(4,2), (6,2), (6,3), (4,3)]
b: [(1.6444867179508615,0.03320080898885205), (1.8444867179508615,0.03320080898885205), (1.8444867179508615,0.23320080898885207), (1.6444867179508615,0.23320080898885207)] & [(0.2851282317404863,2.489261576533144), (0.4851282317404863,2.489261576533144), (0.4851282317404863,2.689261576533144), (0.2851282317404863,2.689261576533144)] & [(2.296402976792202,0.24705501169796512), (2.496402976792202,0.24705501169796512), (2.496402976792202,0.44705501169796513), (2.296402976792202,0.44705501169796513)] & [(3.1732508656379066,2.4918345146440366), (3.3732508656379068,2.4918345146440366), (3.3732508656379068,2.691834514644037), (3.1732508656379066,2.691834514644037)] & [(5.575240899532081,0.00752119466124946), (5.775240899532081,0.00752119466124946), (5.775240899532081,0.20752119466124946), (5.575240899532081,0.20752119466124946)] & [(5.276808501843558,2.493172688234427), (5.476808501843558,2.493172688234427), (5.476808501843558,2.6931726882344273), (5.276808501843558,2.6931726882344273)]
t: [(0.7274759495945019,0), (1.227475949594502,0), (1.227475949594502,0.6214288376029414), (0.7274759495945019,0.6214288376029414)] & [(1.478729331807445,2.377834975959506), (1.9787293318074453,2.377834975959506), (1.9787293318074453,3.0778349759595063), (1.478729331807445,3.0778349759595063)] & [(2.885696383172538,0.0023582380100932443), (3.585696383172538,0.0023582380100932443), (3.585696383172538,0.5023582380100933), (2.885696383172538,0.5023582380100933)] & [(2.49167954332721,2.36175397421354), (2.99167954332721,2.36175397421354), (2.99167954332721,3.06175397421354), (2.49167954332721,3.06175397421354)] & [(4.897492399749577,0), (5.397492399749576,0), (5.397492399749576,0.6333322646062044), (4.897492399749577,0.6333322646062044)] & [(5.511359215453015,2.3870795784857752), (6.011359215453014,2.3870795784857752), (6.011359215453014,3.0870795784857754), (5.511359215453015,3.0870795784857754)]
