h: [(0,1), (6,1), (6,2), (0,2)]
r1: [(0,0), (2,0), (2,1), (0,1)]
r2: [(0,2), (2,2), (2,3), (0,3)]
r3: [(2,0), (4,0), (4,1), (2,1)]
r4: [(2,2), (4,2), (4,3), (2,3)]
r5: [(4,0), (6,0), (6,1), (4,1)]
r6: [(4,2), (6,2), (6,3), (4,3)]
b: [(1.2441079043643202,0.03997602048580537), (1.4441079043643201,0.03997602048580537), (1.4441079043643201,0.23997602048580538), (1.2441079043643202,0.23997602048580538)] & [(0.7120007318442547,2.4914819176935215), (0.9120007318442547,2.4914819176935215), (0.9120007318442547,2.6914819176935216), (0.7120007318442547,2.6914819176935216)] & [(3.0702704866006085,0.007234793030448157), (3.2702704866006087,0.007234793030448157), (3.2702704866006087,0.20723479303044817), (3.0702704866006085,0.20723479303044817)] & [(2.293898185104201,2.68619174758303), (2.493898185104201,2.68619174758303), (2.493898185104201,2.8861917475830303), (2.293898185104201,2.8861917475830303)] & [(5.370413153877415,0.12281437409052878), (5.570413153877415,0.12281437409052878), (5.570413153877415,0.3228143740905288), (5.370413153877415,0.3228143740905288)] & [(5.370463314675478,2.4836392479551783), (5.570463314675478,2.4836392479551783), (5.570463314675478,2.6836392479551785), (5.370463314675478,2.6836392479551785)]
t: [(1.4822433703569153,0), (1.9822433703569156,0), (1.9822433703569156,0.6212008391367787), (1.4822433703569153,0.6212008391367787)] & [(1.5358810280413602,2.3783026746853), (2.03588102804136,2.3783026746853), (2.03588102804136,3.0783026746853004), (1.5358810280413602,3.0783026746853004)] & [(2.160780031391979,0), (2.660780031391979,0), (2.660780031391979,0.6122991447101003), (2.160780031391979,0.6122991447101003)] & [(3.1646689235028744,2.544351246898992), (3.8646689235028746,2.544351246898992), (3.8646689235028746,3.044351246898992), (3.1646689235028744,3.044351246898992)] & [(4.630769533389711,0), (5.33076953338971,0), (5.33076953338971,0.4414387396407654), (4.630769533389711,0.4414387396407654)] & [(4.5129655426360245,2.542958478073104), (5.212965542636024,2.542958478073104), (5.212965542636024,3.042958478073104), (4.5129655426360245,3.042958478073104)]
