h: [(0,1), (6,1), (6,2), (0,2)]
r1: [(0,0), (2,0), (2,1), (0,1)]
r2: [(0,2), (2,2), (2,3), (0,3)]
r3: [(2,0), (4,0), (4,1), (2,1)]
r4: [(2,2), (4,2), (4,3), (2,3)]
r5: [(4,0), (6,0), (6,1), (4,1)]
r6: [(4,2), (6,2), (6,3), (4,3)]
b: [(1.2438653017629993,0.09643941408892548), (1.4438653017629992,0.09643941408892548), (1.4438653017629992,0.2964394140889255), (1.2438653017629993,0.2964394140889255)] & [(1.1627277930286608,2.4508318678669743), (1.3627277930286608,2.4508318678669743), (1.3627277930286608,2.6508318678669744), (1.1627277930286608,2.6508318678669744)] & [(3.482156064729409,0.023106181874422548), (3.6821560647294094,0.023106181874422548), (3.6821560647294094,0.22310618187442255), (3.482156064729409,0.22310618187442255)] & [(3.5538677566818313,2.475436608700049), (3.7538677566818315,2.475436608700049), (3.7538677566818315,2.675436608700049), (3.5538677566818313,2.675436608700049)] & [(4.18055433552646,0.014486812348705266), (4.38055433552646,0.014486812348705266), (4.38055433552646,0.21448681234870529), (4.18055433552646,0.21448681234870529)] & [(5.135156105870902,2.675875902615473), (5.335156105870902,2.675875902615473), (5.335156105870902,2.875875902615473), (5.135156105870902,2.875875902615473)]
t: [(0.3905662213057278,0), (1.090566221305728,0), (1.090566221305728,0.49566632462710347), (0.3905662213057278,0.49566632462710347)] & [(0.5887192440503525,2.3979677846924794), (1.0887192440503526,2.3979677846924794), (1.0887192440503526,3.0979677846924796), (0.5887192440503525,3.0979677846924796)] & [(2.8105567678428014,0), (3.3105567678428014,0), (3.3105567678428014,0.640552714932414), (2.8105567678428014,0.640552714932414)] & [(2.0332073712421774,2.352570179344458), (2.5332073712421774,2.352570179344458), (2.5332073712421774,3.052570179344458), (2.0332073712421774,3.052570179344458)] & [(5.540220848003746,0), (6.040220848003745,0), (6.040220848003745,0.6006145733213689), (5.540220848003746,0.6006145733213689)] & [(4.178873725937956,2.525220874276717), (4.8788737259379555,2.525220874276717), (4.8788737259379555,3.025220874276717), (4.178873725937956,3.025220874276717)]
