h: [(0,1), (6,1), (6,2), (0,2)]
r1: [(0,0), (2,0), (2,1), (0,1)]
r2: [(0,2), (2,2), (2,3), (0,3)]
r3: [(2,0), (4,0), (4,1), (2,1)]
r4: [(2,2), (4,2), (4,3), (2,3)]
r5: [(4,0), (6,0), (6,1), (4,1)]
r6: [(4,2), (6,2), (6,3), (4,3)]
b: [(1.2699471975627383,0.06508329091272046), (1.4699471975627383,0.06508329091272046), (1.4699471975627383,0.2650832909127205), (1.2699471975627383,0.2650832909127205)] & [(0.8557160132757501,2.4666913680116545), (1.0557160132757502,2.4666913680116545), (1.0557160132757502,2.6666913680116546), (0.8557160132757501,2.6666913680116546)] & [(3.1038668403502325,0.029881071162982085), (3.3038668403502327,0.029881071162982085), (3.3038668403502327,0.2298810711629821), (3.1038668403502325,0.2298810711629821)] & [(2.1097662895522804,2.4914948357196027), (2.3097662895522806,2.4914948357196027), (2.3097662895522806,2.691494835719603), (2.1097662895522804,2.691494835719603)] & [(5.249577187681126,0.21518947822953002), (5.449577187681126,0.21518947822953002), (5.449577187681126,0.41518947822953), (5.249577187681126,0.41518947822953)] & [(4.754644685762721,2.4815227483648163), (4.954644685762721,2.4815227483648163), (4.954644685762721,2.6815227483648165), (4.754644685762721,2.6815227483648165)]
t: [(0.07943210309120091,0), (0.7794321030912009,0), (0.7794321030912009,0.4520777564596703), (0.07943210309120091,0.4520777564596703)] & [(0.3527206736368159,2.3908623377729583), (0.8527206736368159,2.3908623377729583), (0.8527206736368159,3.0908623377729585), (0.3527206736368159,3.0908623377729585)] & [(1.9593898999116637,0), (2.4593898999116637,0), (2.4593898999116637,0.6387337324649548), (1.9593898999116637,0.6387337324649548)] & [(3.2381856931681177,2.3650063876680885), (3.7381856931681177,2.3650063876680885), (3.7381856931681177,3.0650063876680886), (3.2381856931681177,3.0650063876680886)] & [(4.076931487754256,0.002736080699137916), (4.776931487754255,0.002736080699137916), (4.776931487754255,0.5027360806991379), (4.076931487754256,0.5027360806991379)] & [(4.956207486876329,2.3503307829733693), (5.456207486876328,2.3503307829733693), (5.456207486876328,3.0503307829733695), (4.956207486876329,3.0503307829733695)]
