h: [(0,1), (6,1), (6,2), (0,2)]
r1: [(0,0), (2,0), (2,1), (0,1)]
r2: [(0,2), (2,2), (2,3), (0,3)]
r3: [(2,0), (4,0), (4,1), (2,1)]
r4: [(2,2), (4,2), (4,3), (2,3)]
r5: [(4,0), (6,0), (6,1), (4,1)]
r6: [(4,2), (6,2), (6,3), (4,3)]
b: [(1.2764727477399864,0.03995939226259286), (1.4764727477399864,0.03995939226259286), (1.4764727477399864,0.23995939226259289), (1.2764727477399864,0.23995939226259289)] & [(0.04584272219490169,2.4716551659493042), (0.2458427221949017,2.4716551659493042), (0.2458427221949017,2.6716551659493044), (0.04584272219490169,2.6716551659493044)] & [(3.606438153340293,0.002935471710086465), (3.8064381533402933,0.002935471710086465), (3.8064381533402933,0.20293547171008647), (3.606438153340293,0.20293547171008647)] & [(2.948012606814282,2.5602694969785125), (3.148012606814282,2.5602694969785125), (3.148012606814282,2.7602694969785126), (2.948012606814282,2.7602694969785126)] & [(4.454446711033098,0.00881993437915928), (4.654446711033098,0.00881993437915928), (4.654446711033098,0.2088199343791593), (4.454446711033098,0.2088199343791593)] & [(4.22563083968633,2.4795420351927167), (4.42563083968633,2.4795420351927167), (4.42563083968633,2.679542035192717), (4.22563083968633,2.679542035192717)]
t: [(0.8721446329126272,0), (1.3721446329126272,0), (1.3721446329126272,0.6465625644281133), (0.8721446329126272,0.6465625644281133)] & [(1.4936415011156488,2.3534613096611365), (1.993641501115649,2.3534613096611365), (1.993641501115649,3.0534613096611367), (1.4936415011156488,3.0534613096611367)] & [(1.9917514895412105,0), (2.4917514895412105,0), (2.4917514895412105,0.6125063976012123), (1.9917514895412105,0.6125063976012123)] & [(2.3193461482241164,2.4752876018061873), (3.0193461482241166,2.4752876018061873), (3.0193461482241166,2.9752876018061873), (2.3193461482241164,2.9752876018061873)] & [(4.745104547744013,0), (5.245104547744012,0), (5.245104547744012,0.6269796963574775), (4.745104547744013,0.6269796963574775)] & [(5.254505256502532,2.361470926145287), (5.754505256502531,2.361470926145287), (5.754505256502531,3.061470926145287), (5.254505256502532,3.061470926145287)]
