h: [(0,1), (6,1), (6,2), (0,2)]
r1: [(0,0), (2,0), (2,1), (0,1)]
r2: [(0,2), (2,2), (2,3), (0,3)]
r3: [(2,0), (4,0), (4,1), (2,1)]
r4: [(2,2), (4,2), (4,3), (2,3)]
r5: [(4,0), (6,0), (6,1), (4,1)]
r6: [(4,2), (6,2), (6,3), (4,3)]
b: [(1.4953204537580742,0.04124162229150443), (1.6953204537580742,0.04124162229150443), (1.6953204537580742,0.24124162229150445), (1.4953204537580742,0.24124162229150445)] & [(0.13617255426427433,2.472106109174609), (0.33617255426427434,2.472106109174609), (0.33617255426427434,2.6721061091746092), (0.13617255426427433,2.6721061091746092)] & [(2.5274862567416303,0.042536408632826726), (2.7274862567416305,0.042536408632826726), (2.7274862567416305,0.24253640863282674), (2.5274862567416303,0.24253640863282674)] & [(2.8103725076032373,2.513366751857294), (3.0103725076032375,2.513366751857294), (3.0103725076032375,2.7133667518572944), (2.8103725076032373,2.7133667518572944)] & [(4.744058007287021,0.029548931651345013), (4.944058007287021,0.029548931651345013), (4.944058007287021,0.22954893165134502), (4.744058007287021,0.22954893165134502)] & [(4.609774691318716,2.6992052082210267), (4.809774691318716,2.6992052082210267), (4.809774691318716,2.899205208221027), (4.609774691318716,2.899205208221027)]
t: [(0.3350573538736702,0), (0.8350573538736702,0), (0.8350573538736702,0.6462955267910985), (0.3350573538736702,0.6462955267910985)] & [(0.8795420727969838,2.5689324801837916), (1.579542072796984,2.5689324801837916), (1.579542072796984,3.0689324801837916), (0.8795420727969838,3.0689324801837916)] & [(2.902856375830191,0), (3.402856375830191,0), (3.402856375830191,0.6218315812244204), (2.902856375830191,0.6218315812244204)] & [(2.92331736989254,2.3920285558977836), (3.6233173698925403,2.3920285558977836), (3.6233173698925403,2.8920285558977836), (2.92331736989254,2.8920285558977836)] & [(5.310069319042519,0.04423619138117882), (6.010069319042518,0.04423619138117882), (6.010069319042518,0.5442361913811788), (5.310069319042519,0.5442361913811788)] & [(5.284944226040373,2.4706928091188027), (5.984944226040373,2.4706928091188027), (5.984944226040373,2.9706928091188027), (5.284944226040373,2.9706928091188027)]
