h: [(0,1), (6,1), (6,2), (0,2)]
r1: [(0,0), (2,0), (2,1), (0,1)]
r2: [(0,2), (2,2), (2,3), (0,3)]
r3: [(2,0), (4,0), (4,1), (2,1)]
r4: [(2,2), (4,2), (4,3), (2,3)]
r5: [(4,0), (6,0), (6,1), (4,1)]
r6: [(4,2), (6,2), (6,3), (4,3)]
b: [(1.3273538129468083,0.03639399113107172), (1.5273538129468083,0.03639399113107172), (1.5273538129468083,0.23639399113107173), (1.3273538129468083,0.23639399113107173)] & [(0.6359585238220962,2.626021127624114), (0.8359585238220961,2.626021127624114), (0.8359585238220961,2.8260211276241143), (0.6359585238220962,2.8260211276241143)] & [(3.6117633994212577,0.00019769997459928042), (3.811763399421258,0.00019769997459928042), (3.811763399421258,0.2001976999745993), (3.6117633994212577,0.2001976999745993)] & [(2.2706655557216133,2.490597445206234), (2.4706655557216135,2.490597445206234), (2.4706655557216135,2.690597445206234), (2.2706655557216133,2.690597445206234)] & [(5.1454323485471924,0.09840695165928584), (5.345432348547193,0.09840695165928584), (5.345432348547193,0.2984069516592859), (5.1454323485471924,0.2984069516592859)] & [(4.223871451594455,2.686610754347611), (4.423871451594455,2.686610754347611), (4.423871451594455,2.886610754347611), (4.223871451594455,2.886610754347611)]
t: [(0.1876467253133924,0), (0.6876467253133923,0), (0.6876467253133923,0.6000271529129387), (0.1876467253133924,0.6000271529129387)] & [(1.112687442627025,2.521396743475846), (1.8126874426270252,2.521396743475846), (1.8126874426270252,3.021396743475846), (1.112687442627025,3.021396743475846)] & [(3.1600777428669136,0), (3.6600777428669136,0), (3.6600777428669136,0.6437443443898723), (3.1600777428669136,0.6437443443898723)] & [(2.5735109816426616,2.4245888843949763), (3.2735109816426617,2.4245888843949763), (3.2735109816426617,2.9245888843949763), (2.5735109816426616,2.9245888843949763)] & [(4.199660152718682,0), (4.899660152718681,0), (4.899660152718681,0.4901955687639632), (4.199660152718682,0.4901955687639632)] & [(4.560284996885103,2.380286094570907), (5.260284996885102,2.380286094570907), (5.260284996885102,2.880286094570907), (4.560284996885103,2.880286094570907)]
