h: [(0,1), (6,1), (6,2), (0,2)]
r1: [(0,0), (2,0), (2,1), (0,1)]
r2: [(0,2), (2,2), (2,3), (0,3)]
r3: [(2,0), (4,0), (4,1), (2,1)]
r4: [(2,2), (4,2), (4,3), (2,3)]
r5: [(4,0), (6,0), (6,1), (4,1)]
r6: [(4,2), (6,2), (6,3), (4,3)]
b: [(0.6889431676809702,0.047708750061463946), (0.8889431676809703,0.047708750061463946), (0.8889431676809703,0.24770875006146395), (0.6889431676809702,0.24770875006146395)] & [(0.8368160976390308,2.474144264424545), (1.0368160976390308,2.474144264424545), (1.0368160976390308,2.674144264424545), (0.8368160976390308,2.674144264424545)] & [(2.69842586054472,0.04228629880157251), (2.89842586054472,0.04228629880157251), (2.89842586054472,0.2422862988015725), (2.69842586054472,0.2422862988015725)] & [(2.675678620580068,2.454634905988318), (2.875678620580068,2.454634905988318), (2.875678620580068,2.6546349059883183), (2.675678620580068,2.6546349059883183)] & [(5.007745375135619,0.027907346079955268), (5.2077453751356195,0.027907346079955268), (5.2077453751356195,0.22790734607995528), (5.007745375135619,0.22790734607995528)] & [(4.2611704524405445,2.4942706434573028), (4.461170452440545,2.4942706434573028), (4.461170452440545,2.694270643457303), (4.2611704524405445,2.694270643457303)]
t: [(1.3597964552400668,0), (1.859796455240067,0), (1.859796455240067,0.6396822369330407), (1.3597964552400668,0.6396822369330407)] & [(1.3785456869608865,2.35348726806675), (1.8785456869608868,2.35348726806675), (1.8785456869608868,3.05348726806675), (1.3785456869608865,3.05348726806675)] & [(2.1211443289312744,0), (2.6211443289312744,0), (2.6211443289312744,0.6141026328275643), (2.1211443289312744,0.6141026328275643)] & [(2.2317358650593597,2.371798202440957), (2.7317358650593597,2.371798202440957), (2.7317358650593597,3.071798202440957), (2.2317358650593597,3.071798202440957)] & [(5.3008786257191085,0), (5.800878625719108,0), (5.800878625719108,0.6191477614094061), (5.3008786257191085,0.6191477614094061)] & [(4.780966814058294,2.3847578357123673), (5.480966814058293,2.3847578357123673), (5.480966814058293,2.8847578357123673), (4.780966814058294,2.8847578357123673)]
