h: [(0,1), (6,1), (6,2), (0,2)]
r1: [(0,0), (2,0), (2,1), (0,1)]
r2: [(0,2), (2,2), (2,3), (0,3)]
r3: [(2,0), (4,0), (4,1), (2,1)]
r4: [(2,2), (4,2), (4,3), (2,3)]
r5: [(4,0), (6,0), (6,1), (4,1)]
r6: [(4,2), (6,2), (6,3), (4,3)]
b: [(0.1355949475765946,0.04336868004401421), (0.3355949475765946,0.04336868004401421), (0.3355949475765946,0.2433686800440142), (0.1355949475765946,0.2433686800440142)] & [(0.48503702028104106,2.4517645905004337), (0.6850370202810411,2.4517645905004337), (0.6850370202810411,2.651764590500434), (0.48503702028104106,2.651764590500434)] & [(2.3514658546663827,0.020790746289673208), (2.551465854666383,0.020790746289673208), (2.551465854666383,0.2207907462896732), (2.3514658546663827,0.2207907462896732)] & [(2.7758999235369375,2.451422342076133), (2.9758999235369377,2.451422342076133), (2.9758999235369377,2.6514223420761334), (2.7758999235369375,2.6514223420761334)] & [(4.107535848098957,0.023469155592570325), (4.307535848098957,0.023469155592570325), (4.307535848098957,0.22346915559257033), (4.107535848098957,0.22346915559257033)] & [(4.980656912922618,2.539435073001085), (5.180656912922618,2.539435073001085), (5.180656912922618,2.739435073001085), (4.980656912922618,2.739435073001085)]
t: [(0.9449573887685269,0), (1.644957388768527,0), (1.644957388768527,0.4520272675160726), (0.9449573887685269,0.4520272675160726)] & [(1.0478815009969709,2.3858936047943273), (1.547881500996971,2.3858936047943273), (1.547881500996971,3.0858936047943275), (1.0478815009969709,3.0858936047943275)] & [(2.6831133609976465,0), (3.1831133609976465,0), (3.1831133609976465,0.649258243743278), (2.6831133609976465,0.649258243743278)] & [(2.991985260743031,2.379463475305932), (3.491985260743031,2.379463475305932), (3.491985260743031,3.079463475305932), (2.991985260743031,3.079463475305932)] & [(4.88729824219372,0.10451118327499681), (5.587298242193719,0.10451118327499681), (5.587298242193719,0.6045111832749968), (4.88729824219372,0.6045111832749968)] & [(5.266138693966267,2.3904561814938416), (5.966138693966267,2.3904561814938416), (5.966138693966267,2.8904561814938416), (5.266138693966267,2.8904561814938416)]
