h: [(0,1), (6,1), (6,2), (0,2)]
r1: [(0,0), (2,0), (2,1), (0,1)]
r2: [(0,2), (2,2), (2,3), (0,3)]
r3: [(2,0), (4,0), (4,1), (2,1)]
r4: [(2,2), (4,2), (4,3), (2,3)]
r5: [(4,0), (6,0), (6,1), (4,1)]
r6: [(4,2), (6,2), (6,3), (4,3)]
b: [(0.7322313140323664,0.011924772761186685), (0.9322313140323664,0.011924772761186685), (0.9322313140323664,0.2119247727611867), (0.7322313140323664,0.2119247727611867)] & [(0.6614753108192145,2.4730697344602097), (0.8614753108192146,2.4730697344602097), (0.8614753108192146,2.67306973446021), (0.6614753108192145,2.67306973446021)] & [(3.14810255197232,0.034898647871897275), (3.34810255197232,0.034898647871897275), (3.34810255197232,0.2348986478718973), (3.14810255197232,0.2348986478718973)] & [(2.186328784922109,2.57666000279914), (2.3863287849221093,2.57666000279914), (2.3863287849221093,2.77666000279914), (2.186328784922109,2.77666000279914)] & [(4.264387526466223,0.03408182992103722), (4.464387526466223,0.03408182992103722), (4.464387526466223,0.23408182992103724), (4.264387526466223,0.23408182992103724)] & [(5.697709632030697,2.478495788967965), (5.897709632030697,2.478495788967965), (5.897709632030697,2.678495788967965), (5.697709632030697,2.678495788967965)]
t: [(1.508127042044983,0), (2.008127042044983,0), (2.008127042044983,0.64831258445651), (1.508127042044983,0.64831258445651)] & [(1.178080051467639,2.3724210019833727), (1.6780800514676393,2.3724210019833727), (1.6780800514676393,3.072421001983373), (1.178080051467639,3.072421001983373)] & [(3.3327803024522242,0), (3.8327803024522242,0), (3.8327803024522242,0.6154412100831612), (3.3327803024522242,0.6154412100831612)] & [(2.447439534236035,2.465943568431002), (3.1474395342360353,2.465943568431002), (3.1474395342360353,2.965943568431002), (2.447439534236035,2.965943568431002)] & [(4.726110034289125,0), (5.226110034289124,0), (5.226110034289124,0.6272132143378258), (4.726110034289125,0.6272132143378258)] & [(4.309789909068501,2.366106344332145), (4.8097899090685,2.366106344332145), (4.8097899090685,3.066106344332145), (4.309789909068501,3.066106344332145)]
