h: [(0,1), (6,1), (6,2), (0,2)]
r1: [(0,0), (2,0), (2,1), (0,1)]
r2: [(0,2), (2,2), (2,3), (0,3)]
r3: [(2,0), (4,0), (4,1), (2,1)]
r4: [(2,2), (4,2), (4,3), (2,3)]
r5: [(4,0), (6,0), (6,1), (4,1)]
r6: [(4,2), (6,2), (6,3), (4,3)]
b: [(1.6169831179681164,0.04190528896625956), (1.8169831179681164,0.04190528896625956), (1.8169831179681164,0.24190528896625957), (1.6169831179681164,0.24190528896625957)] & [(0.19578318007008372,2.649818374810149), (0.39578318007008373,2.649818374810149), (0.39578318007008373,2.849818374810149), (0.19578318007008372,2.849818374810149)] & [(2.087322893302462,0.17442059973090182), (2.2873228933024623,0.17442059973090182), (2.2873228933024623,0.3744205997309018), (2.087322893302462,0.3744205997309018)] & [(3.199807102975231,2.611575579594236), (3.399807102975231,2.611575579594236), (3.399807102975231,2.811575579594236), (3.199807102975231,2.811575579594236)] & [(5.623400981685331,0.025445751723741982), (5.823400981685332,0.025445751723741982), (5.823400981685332,0.22544575172374198), (5.623400981685331,0.22544575172374198)] & [(5.592237157107535,2.4798966070097923), (5.792237157107535,2.4798966070097923), (5.792237157107535,2.6798966070097925), (5.592237157107535,2.6798966070097925)]
t: [(0.10002434897286383,0), (0.6000243489728638,0), (0.6000243489728638,0.616058018028613), (0.10002434897286383,0.616058018028613)] & [(0.5702677824099636,2.5414287188664875), (1.2702677824099635,2.5414287188664875), (1.2702677824099635,3.0414287188664875), (0.5702677824099636,3.0414287188664875)] & [(2.9124567504930394,0.044231581569547734), (3.6124567504930396,0.044231581569547734), (3.6124567504930396,0.5442315815695478), (2.9124567504930394,0.5442315815695478)] & [(2.130533946262428,2.407649688571502), (2.8305339462624284,2.407649688571502), (2.8305339462624284,2.907649688571502), (2.130533946262428,2.907649688571502)] & [(4.973039253800533,0), (5.473039253800532,0), (5.473039253800532,0.6495904397940485), (4.973039253800533,0.6495904397940485)] & [(4.891242793062116,2.3860279894075327), (5.391242793062115,2.3860279894075327), (5.391242793062115,3.086027989407533), (4.891242793062116,3.086027989407533)]
