h: [(0,1), (6,1), (6,2), (0,2)]
r1: [(0,0), (2,0), (2,1), (0,1)]
r2: [(0,2), (2,2), (2,3), (0,3)]
r3: [(2,0), (4,0), (4,1), (2,1)]
r4: [(2,2), (4,2), (4,3), (2,3)]
r5: [(4,0), (6,0), (6,1), (4,1)]
r6: [(4,2), (6,2), (6,3), (4,3)]
b: [(0.27839529223023235,0.01402055124970238), (0.47839529223023236,0.01402055124970238), (0.47839529223023236,0.2140205512497024), (0.27839529223023235,0.2140205512497024)] & [(0.6058662409383568,2.565560235749937), (0.8058662409383568,2.565560235749937), (0.8058662409383568,2.765560235749937), (0.6058662409383568,2.765560235749937)] & [(3.3561192950169882,0.22980540208549557), (3.5561192950169884,0.22980540208549557), (3.5561192950169884,0.42980540208549556), (3.3561192950169882,0.42980540208549556)] & [(2.6363688509605137,2.4678015045952), (2.836368850960514,2.4678015045952), (2.836368850960514,2.6678015045952), (2.6363688509605137,2.6678015045952)] & [(4.160619128592492,0.2009892426468451), (4.360619128592492,0.2009892426468451), (4.360619128592492,0.4009892426468451), (4.160619128592492,0.4009892426468451)] & [(4.577023568600762,2.493724549288805), (4.777023568600762,2.493724549288805), (4.777023568600762,2.693724549288805), (4.577023568600762,2.693724549288805)]
t: [(1.4427190543949733,0), (1.9427190543949735,0), (1.9427190543949735,0.621078696574777), (1.4427190543949733,0.621078696574777)] & [(0,2.4558661665148698), (0.6961107321818688,2.4558661665148698), (0.6961107321818688,2.9558661665148698), (0,2.9558661665148698)] & [(2.4249771938380085,0.11256007979054508), (3.1249771938380086,0.11256007979054508), (3.1249771938380086,0.612560079790545), (2.4249771938380085,0.612560079790545)] & [(3.5225766484014636,2.367318750733637), (4.022576648401463,2.367318750733637), (4.022576648401463,3.0673187507336372), (3.5225766484014636,3.0673187507336372)] & [(4.726553961816174,0.11354069367584418), (5.4265539618161736,0.11354069367584418), (5.4265539618161736,0.6135406936758442), (4.726553961816174,0.6135406936758442)] & [(5.2488155865007515,2.382286868467918), (5.748815586500751,2.382286868467918), (5.748815586500751,3.0822868684679183), (5.2488155865007515,3.0822868684679183)]
