h: [(0,1), (6,1), (6,2), (0,2)]
r1: [(0,0), (2,0), (2,1), (0,1)]
r2: [(0,2), (2,2), (2,3), (0,3)]
r3: [(2,0), (4,0), (4,1), (2,1)]
r4: [(2,2), (4,2), (4,3), (2,3)]
r5: [(4,0), (6,0), (6,1), (4,1)]
r6: [(4,2), (6,2), (6,3), (4,3)]
b: [(0.919611585046414,0.009976373935835779), (1.1196115850464141,0.009976373935835779), (1.1196115850464141,0.2099763739358358), (0.919611585046414,0.2099763739358358)] & [(1.1349204574525495,2.5133452183955756), (1.3349204574525495,2.5133452183955756), (1.3349204574525495,2.7133452183955757), (1.1349204574525495,2.7133452183955757)] & [(2.7808804898658464,0.023381335024904974), (2.9808804898658465,0.023381335024904974), (2.9808804898658465,0.22338133502490498), (2.7808804898658464,0.22338133502490498)] & [(3.431503212125788,2.534013634708267), (3.631503212125788,2.534013634708267), (3.631503212125788,2.7340136347082673), (3.431503212125788,2.7340136347082673)] & [(4.968050680339612,0.19454468741383385), (5.168050680339612,0.19454468741383385), (5.168050680339612,0.39454468741383386), (4.968050680339612,0.39454468741383386)] & [(4.571652064944107,2.487149017494377), (4.771652064944107,2.487149017494377), (4.771652064944107,2.6871490174943773), (4.571652064944107,2.6871490174943773)]
t: [(1.0297681225169684,0), (1.5297681225169686,0), (1.5297681225169686,0.6456344469003049), (1.0297681225169684,0.6456344469003049)] & [(0.043432672610630496,2.5980529883249717), (0.7434326726106305,2.5980529883249717), (0.7434326726106305,3.0980529883249717), (0.043432672610630496,3.0980529883249717)] & [(3.334825432157944,0), (4.034825432157944,0), (4.034825432157944,0.46548253067693834), (3.334825432157944,0.46548253067693834)] & [(2.427827115121406,2.591401271405858), (3.127827115121406,2.591401271405858), (3.127827115121406,3.091401271405858), (2.427827115121406,3.091401271405858)] & [(4.087890201380283,0.04911329438119183), (4.787890201380282,0.04911329438119183), (4.787890201380282,0.5491132943811918), (4.087890201380283,0.5491132943811918)] & [(4.740580980508823,2.363106967379585), (5.440580980508822,2.363106967379585), (5.440580980508822,2.863106967379585), (4.740580980508823,2.863106967379585)]
