h: [(0,1), (6,1), (6,2), (0,2)]
r1: [(0,0), (2,0), (2,1), (0,1)]
r2: [(0,2), (2,2), (2,3), (0,3)]
r3: [(2,0), (4,0), (4,1), (2,1)]
r4: [(2,2), (4,2), (4,3), (2,3)]
r5: [(4,0), (6,0), (6,1), (4,1)]
r6: [(4,2), (6,2), (6,3), (4,3)]
b: [(0.26796248328864414,0.17105085462847744), (0.46796248328864415,0.17105085462847744), (0.46796248328864415,0.3710508546284774), (0.26796248328864414,0.3710508546284774)] & [(0.16689248636765325,2.5406152046047086), (0.36689248636765326,2.5406152046047086), (0.36689248636765326,2.7406152046047088), (0.16689248636765325,2.7406152046047088)] & [(2.1010924667379913,0.019427624270022818), (2.3010924667379915,0.019427624270022818), (2.3010924667379915,0.21942762427002283), (2.1010924667379913,0.21942762427002283)] & [(3.390572192035396,2.592212125382029), (3.5905721920353963,2.592212125382029), (3.5905721920353963,2.7922121253820293), (3.390572192035396,2.7922121253820293)] & [(4.896710330413728,0.02249114606596905), (5.096710330413728,0.02249114606596905), (5.096710330413728,0.22249114606596906), (4.896710330413728,0.22249114606596906)] & [(4.895257910754139,2.5566610015169933), (5.095257910754139,2.5566610015169933), (5.095257910754139,2.7566610015169934), (4.895257910754139,2.7566610015169934)]
t: [(0.5828535490806872,0.13246468435226028), (1.2828535490806874,0.13246468435226028), (1.2828535490806874,0.6324646843522602), (0.5828535490806872,0.6324646843522602)] & [(0.44398721401625385,2.5515971701708446), (1.143987214016254,2.5515971701708446), (1.143987214016254,3.0515971701708446), (0.44398721401625385,3.0515971701708446)] & [(2.6474341146977536,0), (3.3474341146977538,0), (3.3474341146977538,0.4040840366837195), (2.6474341146977536,0.4040840366837195)] & [(2.4790623554081312,2.448082552599976), (3.1790623554081314,2.448082552599976), (3.1790623554081314,2.948082552599976), (2.4790623554081312,2.948082552599976)] & [(4.066923540697089,0), (4.566923540697088,0), (4.566923540697088,0.6098475520396861), (4.066923540697089,0.6098475520396861)] & [(5.005592149455124,2.37791617279576), (5.705592149455123,2.37791617279576), (5.705592149455123,2.87791617279576), (5.005592149455124,2.87791617279576)]
