h: [(0,1), (6,1), (6,2), (0,2)]
r1: [(0,0), (2,0), (2,1), (0,1)]
r2: [(0,2), (2,2), (2,3), (0,3)]
r3: [(2,0), (4,0), (4,1), (2,1)]
r4: [(2,2), (4,2), (4,3), (2,3)]
r5: [(4,0), (6,0), (6,1), (4,1)]
r6: [(4,2), (6,2), (6,3), (4,3)]
b: [(0.2565823618463792,0.12480327305647373), (0.45658236184637924,0.12480327305647373), (0.45658236184637924,0.3248032730564737), (0.2565823618463792,0.3248032730564737)] & [(1.5518640403033261,2.4769607922789496), (1.751864040303326,2.4769607922789496), (1.751864040303326,2.67696079227895), (1.5518640403033261,2.67696079227895)] & [(2.267668496370365,0.2168453683973367), (2.467668496370365,0.2168453683973367), (2.467668496370365,0.4168453683973367), (2.267668496370365,0.4168453683973367)] & [(2.173372472414821,2.5454924521986815), (2.3733724724148213,2.5454924521986815), (2.3733724724148213,2.7454924521986817), (2.173372472414821,2.7454924521986817)] & [(5.383009186823474,0.017929738745860284), (5.583009186823475,0.017929738745860284), (5.583009186823475,0.2179297387458603), (5.383009186823474,0.2179297387458603)] & [(4.499454839008665,2.4941873523827915), (4.6994548390086655,2.4941873523827915), (4.6994548390086655,2.6941873523827917), (4.499454839008665,2.6941873523827917)]
t: [(1.068480230257629,0.001397578704826652), (1.7684802302576292,0.001397578704826652), (1.7684802302576292,0.5013975787048266), (1.068480230257629,0.5013975787048266)] & [(0.2040065389403334,2.372922258364271), (0.7040065389403334,2.372922258364271), (0.7040065389403334,3.072922258364271), (0.2040065389403334,3.072922258364271)] & [(2.823019650984363,0), (3.523019650984363,0), (3.523019650984363,0.47827989292104967), (2.823019650984363,0.47827989292104967)] & [(2.373441977236082,2.4363577759620982), (3.073441977236082,2.4363577759620982), (3.073441977236082,2.9363577759620982), (2.373441977236082,2.9363577759620982)] & [(4.733940104033473,0), (5.233940104033472,0), (5.233940104033472,0.6289764084461665), (4.733940104033473,0.6289764084461665)] & [(4.791878336032922,2.3780322654259347), (5.291878336032921,2.3780322654259347), (5.291878336032921,3.078032265425935), (4.791878336032922,3.078032265425935)]
