h: [(0,1), (6,1), (6,2), (0,2)]
r1: [(0,0), (2,0), (2,1), (0,1)]
r2: [(0,2), (2,2), (2,3), (0,3)]
r3: [(2,0), (4,0), (4,1), (2,1)]
r4: [(2,2), (4,2), (4,3), (2,3)]
r5: [(4,0), (6,0), (6,1), (4,1)]
r6: [(4,2), (6,2), (6,3), (4,3)]
b: [(1.03084459435654,0.037977906562073234), (1.23084459435654,0.037977906562073234), (1.23084459435654,0.23797790656207324), (1.03084459435654,0.23797790656207324)] & [(0.10172944290313211,2.522047657829698), (0.30172944290313214,2.522047657829698), (0.30172944290313214,2.722047657829698), (0.10172944290313211,2.722047657829698)] & [(2.5503328929359683,0.23659067836245656), (2.7503328929359685,0.23659067836245656), (2.7503328929359685,0.4365906783624566), (2.5503328929359683,0.4365906783624566)] & [(2.4709054406547493,2.5090400145273), (2.6709054406547494,2.5090400145273), (2.6709054406547494,2.7090400145273), (2.4709054406547493,2.7090400145273)] & [(5.323462395857866,0.041521904712258285), (5.523462395857866,0.041521904712258285), (5.523462395857866,0.2415219047122583), (5.323462395857866,0.2415219047122583)] & [(4.522403133920693,2.652739560652631), (4.722403133920693,2.652739560652631), (4.722403133920693,2.852739560652631), (4.522403133920693,2.852739560652631)]
t: [(0.11317905877760046,0), (0.6131790587776004,0), (0.6131790587776004,0.6418961516450582), (0.11317905877760046,0.6418961516450582)] & [(0.4582856036886037,2.5630800287460085), (1.1582856036886038,2.5630800287460085), (1.1582856036886038,3.0630800287460085), (0.4582856036886037,3.0630800287460085)] & [(2.7472150341368944,0.02442233210868197), (3.4472150341368946,0.02442233210868197), (3.4472150341368946,0.5244223321086819), (2.7472150341368944,0.5244223321086819)] & [(3.2227941131549525,2.388365232282859), (3.9227941131549526,2.388365232282859), (3.9227941131549526,2.888365232282859), (3.2227941131549525,2.888365232282859)] & [(4.084028631915741,0), (4.58402863191574,0), (4.58402863191574,0.6357125714369785), (4.084028631915741,0.6357125714369785)] & [(5.2553725027152876,2.503295600801032), (5.955372502715287,2.503295600801032), (5.955372502715287,3.003295600801032), (5.2553725027152876,3.003295600801032)]
