h: [(0,1), (6,1), (6,2), (0,2)]
r1: [(0,0), (2,0), (2,1), (0,1)]
r2: [(0,2), (2,2), (2,3), (0,3)]
r3: [(2,0), (4,0), (4,1), (2,1)]
r4: [(2,2), (4,2), (4,3), (2,3)]
r5: [(4,0), (6,0), (6,1), (4,1)]
r6: [(4,2), (6,2), (6,3), (4,3)]
b: [(0.31134038103497513,0.030361833036104686), (0.5113403810349751,0.030361833036104686), (0.5113403810349751,0.2303618330361047), (0.31134038103497513,0.2303618330361047)] & [(1.4179081329260232,2.479411357771819), (1.6179081329260232,2.479411357771819), (1.6179081329260232,2.6794113577718193), (1.4179081329260232,2.6794113577718193)] & [(2.941866861127597,0.03828536330483542), (3.141866861127597,0.03828536330483542), (3.141866861127597,0.23828536330483543), (2.941866861127597,0.23828536330483543)] & [(2.125791376963827,2.4791810490896733), (2.325791376963827,2.4791810490896733), (2.325791376963827,2.6791810490896735), (2.125791376963827,2.6791810490896735)] & [(4.303347307463145,0.11145146707039172), (4.503347307463145,0.11145146707039172), (4.503347307463145,0.31145146707039173), (4.303347307463145,0.31145146707039173)] & [(4.568609187969844,2.480523458692084), (4.768609187969844,2.480523458692084), (4.768609187969844,2.6805234586920843), (4.568609187969844,2.6805234586920843)]
t: [(0.9046784470120502,0.10888578497069215), (1.6046784470120503,0.10888578497069215), (1.6046784470120503,0.6088857849706921), (0.9046784470120502,0.6088857849706921)] & [(0.23768745997417154,2.3842732117048584), (0.7376874599741715,2.3842732117048584), (0.7376874599741715,3.0842732117048586), (0.23768745997417154,3.0842732117048586)] & [(2.500630821713221,0), (3.000630821713221,0), (3.000630821713221,0.6043832897884417), (2.500630821713221,0.6043832897884417)] & [(2.790389793774743,2.3695444364623213), (3.290389793774743,2.3695444364623213), (3.290389793774743,3.0695444364623214), (2.790389793774743,3.0695444364623214)] & [(4.506408054612151,0), (5.20640805461215,0), (5.20640805461215,0.40018335428599905), (4.506408054612151,0.40018335428599905)] & [(4.027454020473716,2.354297213534866), (4.527454020473715,2.354297213534866), (4.527454020473715,3.0542972135348663), (4.027454020473716,3.0542972135348663)]
