h: [(0,1), (6,1), (6,2), (0,2)]
r1: [(0,0), (2,0), (2,1), (0,1)]
r2: [(0,2), (2,2), (2,3), (0,3)]
r3: [(2,0), (4,0), (4,1), (2,1)]
r4: [(2,2), (4,2), (4,3), (2,3)]
r5: [(4,0), (6,0), (6,1), (4,1)]
r6: [(4,2), (6,2), (6,3), (4,3)]
b: [(1.0029258910640781,0.20896176592207605), (1.202925891064078,0.20896176592207605), (1.202925891064078,0.40896176592207606), (1.0029258910640781,0.40896176592207606)] & [(0.9259036982943715,2.457573644333744), (1.1259036982943715,2.457573644333744), (1.1259036982943715,2.6575736443337443), (0.9259036982943715,2.6575736443337443)] & [(3.019169782603503,0.018280041904210315), (3.2191697826035033,0.018280041904210315), (3.2191697826035033,0.21828004190421033), (3.019169782603503,0.21828004190421033)] & [(2.5652290491009864,2.469613953711299), (2.7652290491009865,2.469613953711299), (2.7652290491009865,2.6696139537112993), (2.5652290491009864,2.6696139537112993)] & [(4.422841633188492,0.22765987822662193), (4.622841633188492,0.22765987822662193), (4.622841633188492,0.42765987822662194), (4.422841633188492,0.42765987822662194)] & [(4.9145303326229905,2.4757057609247473), (5.114530332622991,2.4757057609247473), (5.114530332622991,2.6757057609247474), (4.9145303326229905,2.6757057609247474)]
t: [(0.20625089278162054,0), (0.9062508927816205,0), (0.9062508927816205,0.48105992361863326), (0.20625089278162054,0.48105992361863326)] & [(0.24756409308190833,2.3617846584390665), (0.7475640930819083,2.3617846584390665), (0.7475640930819083,3.0617846584390667), (0.24756409308190833,3.0617846584390667)] & [(3.3488708460433836,0), (3.8488708460433836,0), (3.8488708460433836,0.6088810522952254), (3.3488708460433836,0.6088810522952254)] & [(2.883546675069148,2.354758104649557), (3.383546675069148,2.354758104649557), (3.383546675069148,3.054758104649557), (2.883546675069148,3.054758104649557)] & [(5.22574205504679,0), (5.925742055046789,0), (5.925742055046789,0.4338605074604387), (5.22574205504679,0.4338605074604387)] & [(5.181398833374705,2.3814737383539364), (5.681398833374704,2.3814737383539364), (5.681398833374704,3.0814737383539366), (5.181398833374705,3.0814737383539366)]
