h: [(0,1), (6,1), (6,2), (0,2)]
r1: [(0,0), (2,0), (2,1), (0,1)]
r2: [(0,2), (2,2), (2,3), (0,3)]
r3: [(2,0), (4,0), (4,1), (2,1)]
r4: [(2,2), (4,2), (4,3), (2,3)]
r5: [(4,0), (6,0), (6,1), (4,1)]
r6: [(4,2), (6,2), (6,3), (4,3)]
b: [(0.11876902528440958,0.033575939604844715), (0.3187690252844096,0.033575939604844715), (0.3187690252844096,0.23357593960484474), (0.11876902528440958,0.23357593960484474)] & [(0.41457735959771036,2.4834885985028734), (0.6145773595977104,2.4834885985028734), (0.6145773595977104,2.6834885985028736), (0.41457735959771036,2.6834885985028736)] & [(3.3547151682528753,0.03942025709658609), (3.5547151682528755,0.03942025709658609), (3.5547151682528755,0.2394202570965861), (3.3547151682528753,0.2394202570965861)] & [(2.9335108034269615,2.65471711217672), (3.1335108034269616,2.65471711217672), (3.1335108034269616,2.8547171121767203), (2.9335108034269615,2.8547171121767203)] & [(4.067756030508238,0.1348363207456475), (4.267756030508238,0.1348363207456475), (4.267756030508238,0.3348363207456475), (4.067756030508238,0.3348363207456475)] & [(5.4975626228179015,2.6207957985694073), (5.697562622817902,2.6207957985694073), (5.697562622817902,2.8207957985694074), (5.4975626228179015,2.8207957985694074)]
t: [(1.239934473813363,0), (1.7399344738133633,0), (1.7399344738133633,0.6477965381786372), (1.239934473813363,0.6477965381786372)] & [(0.7007009948322036,2.3503385590521), (1.2007009948322036,2.3503385590521), (1.2007009948322036,3.0503385590521), (0.7007009948322036,3.0503385590521)] & [(2.590144760840587,0), (3.090144760840587,0), (3.090144760840587,0.6326381662338271), (2.590144760840587,0.6326381662338271)] & [(3.1395111692934274,2.5833822250642275), (3.8395111692934276,2.5833822250642275), (3.8395111692934276,3.0833822250642275), (3.1395111692934274,3.0833822250642275)] & [(4.533308071145678,0), (5.233308071145677,0), (5.233308071145677,0.4610248592116003), (4.533308071145678,0.4610248592116003)] & [(4.368070792618362,2.4532100675276864), (5.068070792618362,2.4532100675276864), (5.068070792618362,2.9532100675276864), (4.368070792618362,2.9532100675276864)]
