h: [(0,1), (6,1), (6,2), (0,2)]
r1: [(0,0), (2,0), (2,1), (0,1)]
r2: [(0,2), (2,2), (2,3), (0,3)]
r3: [(2,0), (4,0), (4,1), (2,1)]
r4: [(2,2), (4,2), (4,3), (2,3)]
r5: [(4,0), (6,0), (6,1), (4,1)]
r6: [(4,2), (6,2), (6,3), (4,3)]
b: [(1.3242627502439446,0.12336557709648119), (1.5242627502439445,0.12336557709648119), (1.5242627502439445,0.32336557709648117), (1.3242627502439446,0.32336557709648117)] & [(0.39342826211681486,2.4977872191655517), (0.5934282621168149,2.4977872191655517), (0.5934282621168149,2.697787219165552), (0.39342826211681486,2.697787219165552)] & [(2.0697022547989787,0.1956503161583067), (2.269702254798979,0.1956503161583067), (2.269702254798979,0.3956503161583067), (2.0697022547989787,0.3956503161583067)] & [(2.2418101187374138,2.4704735767477906), (2.441810118737414,2.4704735767477906), (2.441810118737414,2.6704735767477907), (2.2418101187374138,2.6704735767477907)] & [(4.1858665681257055,0.012162777000171387), (4.385866568125706,0.012162777000171387), (4.385866568125706,0.2121627770001714), (4.1858665681257055,0.2121627770001714)] & [(4.604168796028564,2.464534023136107), (4.804168796028565,2.464534023136107), (4.804168796028565,2.664534023136107), (4.604168796028564,2.664534023136107)]
t: [(0.0027188932532666715,0.06729196434971979), (0.7027188932532666,0.06729196434971979), (0.7027188932532666,0.5672919643497197), (0.0027188932532666715,0.5672919643497197)] & [(0.749783929902476,2.3516354640163804), (1.249783929902476,2.3516354640163804), (1.249783929902476,3.0516354640163805), (0.749783929902476,3.0516354640163805)] & [(2.4322595313364417,0.0632274697448314), (3.132259531336442,0.0632274697448314), (3.132259531336442,0.5632274697448314), (2.4322595313364417,0.5632274697448314)] & [(2.370756669040539,2.397742666304119), (2.870756669040539,2.397742666304119), (2.870756669040539,3.097742666304119), (2.370756669040539,3.097742666304119)] & [(5.252096260702274,0), (5.752096260702273,0), (5.752096260702273,0.6022336774442755), (5.252096260702274,0.6022336774442755)] & [(5.122440585527006,2.39449098019036), (5.622440585527005,2.39449098019036), (5.622440585527005,3.0944909801903604), (5.122440585527006,3.0944909801903604)]
