h: [(0,1), (6,1), (6,2), (0,2)]
r1: [(0,0), (2,0), (2,1), (0,1)]
r2: [(0,2), (2,2), (2,3), (0,3)]
r3: [(2,0), (4,0), (4,1), (2,1)]
r4: [(2,2), (4,2), (4,3), (2,3)]
r5: [(4,0), (6,0), (6,1), (4,1)]
r6: [(4,2), (6,2), (6,3), (4,3)]
b: [(1.1058140359954114,0.024023486324409263), (1.3058140359954113,0.024023486324409263), (1.3058140359954113,0.22402348632440927), (1.1058140359954114,0.22402348632440927)] & [(0.3086129093531007,2.6034707394187446), (0.5086129093531007,2.6034707394187446), (0.5086129093531007,2.803470739418745), (0.3086129093531007,2.803470739418745)] & [(2.4085798613308227,0.022553466757685384), (2.608579861330823,0.022553466757685384), (2.608579861330823,0.2225534667576854), (2.4085798613308227,0.2225534667576854)] & [(2.3509554528875185,2.6487991281822323), (2.5509554528875187,2.6487991281822323), (2.5509554528875187,2.8487991281822325), (2.3509554528875185,2.8487991281822325)] & [(5.599848959761765,0.028771429200174847), (5.799848959761765,0.028771429200174847), (5.799848959761765,0.22877142920017485), (5.599848959761765,0.22877142920017485)] & [(4.593816957034624,2.4821591669360155), (4.7938169570346245,2.4821591669360155), (4.7938169570346245,2.6821591669360156), (4.593816957034624,2.6821591669360156)]
t: [(1.4316647776071025,0), (1.9316647776071028,0), (1.9316647776071028,0.6299067352533922), (1.4316647776071025,0.6299067352533922)] & [(0.7916993769647184,2.473264270639125), (1.4916993769647184,2.473264270639125), (1.4916993769647184,2.973264270639125), (0.7916993769647184,2.973264270639125)] & [(2.722466880675265,0), (3.422466880675265,0), (3.422466880675265,0.41172633134708403), (2.722466880675265,0.41172633134708403)] & [(3.192119766684071,2.454288739107948), (3.892119766684071,2.454288739107948), (3.892119766684071,2.954288739107948), (3.192119766684071,2.954288739107948)] & [(4.4067447725455065,0), (4.906744772545506,0), (4.906744772545506,0.6460261267972085), (4.4067447725455065,0.6460261267972085)] & [(5.352111731413339,2.37834811035907), (5.852111731413338,2.37834811035907), (5.852111731413338,3.07834811035907), (5.352111731413339,3.07834811035907)]
