h: [(0,1), (6,1), (6,2), (0,2)]
r1: [(0,0), (2,0), (2,1), (0,1)]
r2: [(0,2), (2,2), (2,3), (0,3)]
r3: [(2,0), (4,0), (4,1), (2,1)]
r4: [(2,2), (4,2), (4,3), (2,3)]
r5: [(4,0), (6,0), (6,1), (4,1)]
r6: [(4,2), (6,2), (6,3), (4,3)]
b: [(0.24541875594794266,0.07387603555318083), (0.44541875594794267,0.07387603555318083), (0.44541875594794267,0.27387603555318085), (0.24541875594794266,0.27387603555318085)] & [(0.5761723949009815,2.4904274899057124), (0.7761723949009816,2.4904274899057124), (0.7761723949009816,2.6904274899057126), (0.5761723949009815,2.6904274899057126)] & [(3.1538555013349976,0.1590726596213108), (3.3538555013349978,0.1590726596213108), (3.3538555013349978,0.35907265962131085), (3.1538555013349976,0.35907265962131085)] & [(2.9343873088015027,2.4616896917622344), (3.134387308801503,2.4616896917622344), (3.134387308801503,2.6616896917622346), (2.9343873088015027,2.6616896917622346)] & [(4.949950583764309,0.06426479960820099), (5.149950583764309,0.06426479960820099), (5.149950583764309,0.264264799608201), (4.949950583764309,0.264264799608201)] & [(4.7703984019518115,2.544651565654975), (4.970398401951812,2.544651565654975), (4.970398401951812,2.744651565654975), (4.7703984019518115,2.744651565654975)]
t: [(1.2701272651548114,0.036343963255624306), (1.9701272651548116,0.036343963255624306), (1.9701272651548116,0.5363439632556243), (1.2701272651548114,0.5363439632556243)] & [(1.3024058452780363,2.3650776949658314), (1.8024058452780365,2.3650776949658314), (1.8024058452780365,3.0650776949658316), (1.3024058452780363,3.0650776949658316)] & [(2.225029254646829,0), (2.9250292546468293,0), (2.9250292546468293,0.41486932963347567), (2.225029254646829,0.41486932963347567)] & [(3.2667451156909926,2.352769608434172), (3.7667451156909926,2.352769608434172), (3.7667451156909926,3.052769608434172), (3.2667451156909926,3.052769608434172)] & [(5.109198460336165,0), (5.809198460336164,0), (5.809198460336164,0.4072803794936951), (5.109198460336165,0.4072803794936951)] & [(5.2068210152985,2.4504637222050567), (5.906821015298499,2.4504637222050567), (5.906821015298499,2.9504637222050567), (5.2068210152985,2.9504637222050567)]
