h: [(0,1), (6,1), (6,2), (0,2)]
r1: [(0,0), (2,0), (2,1), (0,1)]
r2: [(0,2), (2,2), (2,3), (0,3)]
r3: [(2,0), (4,0), (4,1), (2,1)]
r4: [(2,2), (4,2), (4,3), (2,3)]
r5: [(4,0), (6,0), (6,1), (4,1)]
r6: [(4,2), (6,2), (6,3), (4,3)]
b: [(1.0495276864271346,0.033113847735301384), (1.2495276864271345,0.033113847735301384), (1.2495276864271345,0.2331138477353014), (1.0495276864271346,0.2331138477353014)] & [(0.604845498427783,2.5960628475093386), (0.8048454984277831,2.5960628475093386), (0.8048454984277831,2.7960628475093388), (0.604845498427783,2.7960628475093388)] & [(3.3671075614359465,0.029707708594820532), (3.5671075614359466,0.029707708594820532), (3.5671075614359466,0.22970770859482054), (3.3671075614359465,0.22970770859482054)] & [(2.9631297403834846,2.686037017631148), (3.163129740383485,2.686037017631148), (3.163129740383485,2.886037017631148), (2.9631297403834846,2.886037017631148)] & [(5.012005651427428,0.1451508535075742), (5.212005651427428,0.1451508535075742), (5.212005651427428,0.34515085350757424), (5.012005651427428,0.34515085350757424)] & [(4.708536705434717,2.4821530123027036), (4.9085367054347175,2.4821530123027036), (4.9085367054347175,2.6821530123027038), (4.708536705434717,2.6821530123027038)]
t: [(1.4844190121561298,0), (1.98441901215613,0), (1.98441901215613,0.6492823308050207), (1.4844190121561298,0.6492823308050207)] & [(0,2.373863075918571), (0.6464290081697707,2.373863075918571), (0.6464290081697707,2.873863075918571), (0,2.873863075918571)] & [(2.651097196152233,0), (3.3510971961522333,0), (3.3510971961522333,0.4684642513277053), (2.651097196152233,0.4684642513277053)] & [(2.080412328852618,2.3727698660424172), (2.780412328852618,2.3727698660424172), (2.780412328852618,2.8727698660424172), (2.080412328852618,2.8727698660424172)] & [(4.304429897567912,0), (5.004429897567912,0), (5.004429897567912,0.4704955637813111), (4.304429897567912,0.4704955637813111)] & [(5.480568344786035,2.3784586153589737), (5.980568344786034,2.3784586153589737), (5.980568344786034,3.078458615358974), (5.480568344786035,3.078458615358974)]
