h: [(0,1), (6,1), (6,2), (0,2)]
r1: [(0,0), (2,0), (2,1), (0,1)]
r2: [(0,2), (2,2), (2,3), (0,3)]
r3: [(2,0), (4,0), (4,1), (2,1)]
r4: [(2,2), (4,2), (4,3), (2,3)]
r5: [(4,0), (6,0), (6,1), (4,1)]
r6: [(4,2), (6,2), (6,3), (4,3)]
b: [(0.10000373643857992,0.016751822345419835), (0.3000037364385799,0.016751822345419835), (0.3000037364385799,0.21675182234541984), (0.10000373643857992,0.21675182234541984)] & [(0.368301948107107,2.6198248877483277), (0.568301948107107,2.6198248877483277), (0.568301948107107,2.819824887748328), (0.368301948107107,2.819824887748328)] & [(2.79936613086919,0.22201180755705693), (2.9993661308691903,0.22201180755705693), (2.9993661308691903,0.4220118075570569), (2.79936613086919,0.4220118075570569)] & [(2.536840364062912,2.458629677204177), (2.736840364062912,2.458629677204177), (2.736840364062912,2.658629677204177), (2.536840364062912,2.658629677204177)] & [(4.563172935875694,0.024465467747526618), (4.763172935875694,0.024465467747526618), (4.763172935875694,0.22446546774752663), (4.563172935875694,0.22446546774752663)] & [(4.216259948679515,2.4729946940913887), (4.4162599486795155,2.4729946940913887), (4.4162599486795155,2.672994694091389), (4.216259948679515,2.672994694091389)]
t: [(0.6090186804595252,0.12657225290460722), (1.3090186804595252,0.12657225290460722), (1.3090186804595252,0.6265722529046072), (0.6090186804595252,0.6265722529046072)] & [(1.0313690807790274,2.5283317799137275), (1.7313690807790276,2.5283317799137275), (1.7313690807790276,3.0283317799137275), (1.0313690807790274,3.0283317799137275)] & [(2.9198371995527963,0), (3.6198371995527965,0), (3.6198371995527965,0.4248769437965715), (2.9198371995527963,0.4248769437965715)] & [(2.795922196477422,2.3903415446505307), (3.295922196477422,2.3903415446505307), (3.295922196477422,3.090341544650531), (2.795922196477422,3.090341544650531)] & [(5.150873758640086,0), (5.650873758640085,0), (5.650873758640085,0.6125434696189698), (5.150873758640086,0.6125434696189698)] & [(5.171155522441852,2.390813716642263), (5.671155522441851,2.390813716642263), (5.671155522441851,3.090813716642263), (5.171155522441852,3.090813716642263)]
