h: [(0,1), (6,1), (6,2), (0,2)]
r1: [(0,0), (2,0), (2,1), (0,1)]
r2: [(0,2), (2,2), (2,3), (0,3)]
r3: [(2,0), (4,0), (4,1), (2,1)]
r4: [(2,2), (4,2), (4,3), (2,3)]
r5: [(4,0), (6,0), (6,1), (4,1)]
r6: [(4,2), (6,2), (6,3), (4,3)]
b: [(0.6573697368871348,0.03586283814261485), (0.8573697368871349,0.03586283814261485), (0.8573697368871349,0.23586283814261486), (0.6573697368871348,0.23586283814261486)] & [(0.8293842152136296,2.4905806210446975), (1.0293842152136297,2.4905806210446975), (1.0293842152136297,2.6905806210446976), (0.8293842152136296,2.6905806210446976)] & [(2.1991816502157775,0.22654568996532823), (2.3991816502157777,0.22654568996532823), (2.3991816502157777,0.42654568996532827), (2.1991816502157775,0.42654568996532827)] & [(3.417696455734826,2.6268394889432707), (3.6176964557348263,2.6268394889432707), (3.6176964557348263,2.826839488943271), (3.417696455734826,2.826839488943271)] & [(4.307399262597145,0.21106047627422594), (4.507399262597145,0.21106047627422594), (4.507399262597145,0.4110604762742259), (4.307399262597145,0.4110604762742259)] & [(5.682578499054016,2.4750648017650834), (5.882578499054016,2.4750648017650834), (5.882578499054016,2.6750648017650835), (5.682578499054016,2.6750648017650835)]
t: [(1.196445990656352,0), (1.6964459906563523,0), (1.6964459906563523,0.6058735119852292), (1.196445990656352,0.6058735119852292)] & [(0,2.3612755217872534), (0.4082022651356112,2.3612755217872534), (0.4082022651356112,3.0612755217872536), (0,3.0612755217872536)] & [(3.1001140349371283,0.14148467603878945), (3.8001140349371285,0.14148467603878945), (3.8001140349371285,0.6414846760387894), (3.1001140349371283,0.6414846760387894)] & [(2.4265201032575745,2.5206805593035915), (3.1265201032575747,2.5206805593035915), (3.1265201032575747,3.0206805593035915), (2.4265201032575745,3.0206805593035915)] & [(4.792832179970829,0), (5.492832179970828,0), (5.492832179970828,0.44533355172275246), (4.792832179970829,0.44533355172275246)] & [(4.457067900175102,2.3638930332618995), (4.957067900175101,2.3638930332618995), (4.957067900175101,3.0638930332618997), (4.457067900175102,3.0638930332618997)]
