h: [(0,1), (6,1), (6,2), (0,2)]
r1: [(0,0), (2,0), (2,1), (0,1)]
r2: [(0,2), (2,2), (2,3), (0,3)]
r3: [(2,0), (4,0), (4,1), (2,1)]
r4: [(2,2), (4,2), (4,3), (2,3)]
r5: [(4,0), (6,0), (6,1), (4,1)]
r6: [(4,2), (6,2), (6,3), (4,3)]
b: [(0.1918064030935117,0.015399983650718738), (0.3918064030935117,0.015399983650718738), (0.3918064030935117,0.21539998365071875), (0.1918064030935117,0.21539998365071875)] & [(1.2694095180479712,2.4876241692217835), (1.4694095180479712,2.4876241692217835), (1.4694095180479712,2.6876241692217837), (1.2694095180479712,2.6876241692217837)] & [(3.40464277668677,0.02409025709948433), (3.60464277668677,0.02409025709948433), (3.60464277668677,0.22409025709948435), (3.40464277668677,0.22409025709948435)] & [(2.131207286066882,2.4832639417207583), (2.331207286066882,2.4832639417207583), (2.331207286066882,2.6832639417207584), (2.131207286066882,2.6832639417207584)] & [(4.278937880620807,0.03083536580343322), (4.4789378806208076,0.03083536580343322), (4.4789378806208076,0.23083536580343322), (4.278937880620807,0.23083536580343322)] & [(4.26344019002641,2.6729497170593106), (4.46344019002641,2.6729497170593106), (4.46344019002641,2.872949717059311), (4.26344019002641,2.872949717059311)]
t: [(0.69248444170813,0), (1.3924844417081301,0), (1.3924844417081301,0.4841475451566719), (0.69248444170813,0.4841475451566719)] & [(0.3287501980151101,2.389694104745455), (0.8287501980151101,2.389694104745455), (0.8287501980151101,3.089694104745455), (0.3287501980151101,3.089694104745455)] & [(2.111714780485397,0), (2.611714780485397,0), (2.611714780485397,0.6239015395125341), (2.111714780485397,0.6239015395125341)] & [(2.9704584748527734,2.369599545906458), (3.4704584748527734,2.369599545906458), (3.4704584748527734,3.069599545906458), (2.9704584748527734,3.069599545906458)] & [(4.921095855842265,0.06537559285698205), (5.621095855842264,0.06537559285698205), (5.621095855842264,0.565375592856982), (4.921095855842265,0.565375592856982)] & [(4.665746485918009,2.489497525048555), (5.365746485918009,2.489497525048555), (5.365746485918009,2.989497525048555), (4.665746485918009,2.989497525048555)]
