h: [(0,1), (6,1), (6,2), (0,2)]
r1: [(0,0), (2,0), (2,1), (0,1)]
r2: [(0,2), (2,2), (2,3), (0,3)]
r3: [(2,0), (4,0), (4,1), (2,1)]
r4: [(2,2), (4,2), (4,3), (2,3)]
r5: [(4,0), (6,0), (6,1), (4,1)]
r6: [(4,2), (6,2), (6,3), (4,3)]
b: [(1.3915221144838879,0.014374483785117928), (1.5915221144838878,0.014374483785117928), (1.5915221144838878,0.21437448378511795), (1.3915221144838879,0.21437448378511795)] & [(1.0481830718250638,2.4983484948747), (1.2481830718250637,2.4983484948747), (1.2481830718250637,2.6983484948747), (1.0481830718250638,2.6983484948747)] & [(2.3370888733093893,0.07034841568066695), (2.5370888733093895,0.07034841568066695), (2.5370888733093895,0.270348415680667), (2.3370888733093893,0.270348415680667)] & [(3.4471524208645414,2.6485897775136453), (3.6471524208645416,2.6485897775136453), (3.6471524208645416,2.8485897775136455), (3.4471524208645414,2.8485897775136455)] & [(4.982607538351509,0.07698720073634248), (5.182607538351509,0.07698720073634248), (5.182607538351509,0.2769872007363425), (4.982607538351509,0.2769872007363425)] & [(5.044131771486214,2.4965582691792223), (5.244131771486214,2.4965582691792223), (5.244131771486214,2.6965582691792225), (5.044131771486214,2.6965582691792225)]
t: [(0.5234600235680872,0), (1.0234600235680873,0), (1.0234600235680873,0.6302722713403723), (0.5234600235680872,0.6302722713403723)] & [(0.5924718132409029,2.3872408021049365), (1.092471813240903,2.3872408021049365), (1.092471813240903,3.0872408021049367), (0.5924718132409029,3.0872408021049367)] & [(3.266414252559382,0), (3.966414252559382,0), (3.966414252559382,0.43260306611265875), (3.266414252559382,0.43260306611265875)] & [(2.3101808073464776,2.4994614047625054), (3.0101808073464777,2.4994614047625054), (3.0101808073464777,2.9994614047625054), (2.3101808073464776,2.9994614047625054)] & [(5.1006438511798535,0.043383086317013514), (5.800643851179853,0.043383086317013514), (5.800643851179853,0.5433830863170135), (5.1006438511798535,0.5433830863170135)] & [(4.625972629648578,2.362889916746402), (5.125972629648577,2.362889916746402), (5.125972629648577,3.062889916746402), (4.625972629648578,3.062889916746402)]
