h: [(0,1), (6,1), (6,2), (0,2)]
r1: [(0,0), (2,0), (2,1), (0,1)]
r2: [(0,2), (2,2), (2,3), (0,3)]
r3: [(2,0), (4,0), (4,1), (2,1)]
r4: [(2,2), (4,2), (4,3), (2,3)]
r5: [(4,0), (6,0), (6,1), (4,1)]
r6: [(4,2), (6,2), (6,3), (4,3)]
b: [(1.4196622943818586,0.044992634591277426), (1.6196622943818586,0.044992634591277426), (1.6196622943818586,0.24499263459127743), (1.4196622943818586,0.24499263459127743)] & [(0.4762627248516945,2.485958281495604), (0.6762627248516946,2.485958281495604), (0.6762627248516946,2.685958281495604), (0.4762627248516945,2.685958281495604)] & [(2.3098656128562727,0.029717319020000958), (2.509865612856273,0.029717319020000958), (2.509865612856273,0.22971731902000098), (2.3098656128562727,0.22971731902000098)] & [(3.3171022157795518,2.5560408035518565), (3.517102215779552,2.5560408035518565), (3.517102215779552,2.7560408035518567), (3.3171022157795518,2.7560408035518567)] & [(4.322292971688962,0.004726860896384698), (4.522292971688962,0.004726860896384698), (4.522292971688962,0.2047268608963847), (4.322292971688962,0.2047268608963847)] & [(4.123228022010594,2.477746255325766), (4.3232280220105945,2.477746255325766), (4.3232280220105945,2.6777462553257663), (4.123228022010594,2.6777462553257663)]
t: [(0,0), (0.47012971210950993,0), (0.47012971210950993,0.6082060165534939), (0,0.6082060165534939)] & [(0.7530976472399933,2.3863941177673835), (1.2530976472399933,2.3863941177673835), (1.2530976472399933,3.0863941177673837), (0.7530976472399933,3.0863941177673837)] & [(3.4272289108260012,0), (3.9272289108260012,0), (3.9272289108260012,0.600976275274805), (3.4272289108260012,0.600976275274805)] & [(2.0662173463219933,2.3511168849777686), (2.7662173463219935,2.3511168849777686), (2.7662173463219935,2.8511168849777686), (2.0662173463219933,2.8511168849777686)] & [(4.811307967794252,0), (5.311307967794251,0), (5.311307967794251,0.6204910109707813), (4.811307967794252,0.6204910109707813)] & [(5.050867157815469,2.365898143160138), (5.5508671578154685,2.365898143160138), (5.5508671578154685,3.065898143160138), (5.050867157815469,3.065898143160138)]
