h: [(0,1), (6,1), (6,2), (0,2)]
r1: [(0,0), (2,0), (2,1), (0,1)]
r2: [(0,2), (2,2), (2,3), (0,3)]
r3: [(2,0), (4,0), (4,1), (2,1)]
r4: [(2,2), (4,2), (4,3), (2,3)]
r5: [(4,0), (6,0), (6,1), (4,1)]
r6: [(4,2), (6,2), (6,3), (4,3)]
b: [(1.0913850623620305,0.020358874018803153), (1.2913850623620304,0.020358874018803153), (1.2913850623620304,0.22035887401880316), (1.0913850623620305,0.22035887401880316)] & [(0.6034028421664273,2.6199184879089534), (0.8034028421664272,2.6199184879089534), (0.8034028421664272,2.8199184879089536), (0.6034028421664273,2.8199184879089536)] & [(2.9672443821574137,0.18542978824602588), (3.167244382157414,0.18542978824602588), (3.167244382157414,0.3854297882460259), (2.9672443821574137,0.3854297882460259)] & [(2.3374278124365744,2.46752182673785), (2.5374278124365746,2.46752182673785), (2.5374278124365746,2.66752182673785), (2.3374278124365744,2.66752182673785)] & [(5.074619888697326,0.020848834400216013), (5.274619888697326,0.020848834400216013), (5.274619888697326,0.22084883440021602), (5.074619888697326,0.22084883440021602)] & [(5.577255907679392,2.4569693764167084), (5.777255907679392,2.4569693764167084), (5.777255907679392,2.6569693764167086), (5.577255907679392,2.6569693764167086)]
t: [(1.2874575491941374,0), (1.7874575491941376,0), (1.7874575491941376,0.6238751163600581), (1.2874575491941374,0.6238751163600581)] & [(0.849949625867305,2.5501145274495616), (1.5499496258673051,2.5501145274495616), (1.5499496258673051,3.0501145274495616), (0.849949625867305,3.0501145274495616)] & [(1.9626217765410199,0.12384305032719173), (2.66262177654102,0.12384305032719173), (2.66262177654102,0.6238430503271917), (1.9626217765410199,0.6238430503271917)] & [(3.306513244250834,2.394100365692535), (3.806513244250834,2.394100365692535), (3.806513244250834,3.094100365692535), (3.306513244250834,3.094100365692535)] & [(4.03341906754952,0), (4.533419067549519,0), (4.533419067549519,0.6417795494732795), (4.03341906754952,0.6417795494732795)] & [(5.020198261571851,2.398218840636166), (5.52019826157185,2.398218840636166), (5.52019826157185,3.098218840636166), (5.020198261571851,3.098218840636166)]
