h: [(0,1), (6,1), (6,2), (0,2)]
r1: [(0,0), (2,0), (2,1), (0,1)]
r2: [(0,2), (2,2), (2,3), (0,3)]
r3: [(2,0), (4,0), (4,1), (2,1)]
r4: [(2,2), (4,2), (4,3), (2,3)]
r5: [(4,0), (6,0), (6,1), (4,1)]
r6: [(4,2), (6,2), (6,3), (4,3)]
b: [(0.16692192008202178,0.022957018396517762), (0.3669219200820218,0.022957018396517762), (0.3669219200820218,0.22295701839651777), (0.16692192008202178,0.22295701839651777)] & [(0.7001656071007489,2.472487924468401), (0.9001656071007489,2.472487924468401), (0.9001656071007489,2.672487924468401), (0.7001656071007489,2.672487924468401)] & [(3.422644813113192,0.033040290085649814), (3.622644813113192,0.033040290085649814), (3.622644813113192,0.23304029008564983), (3.422644813113192,0.23304029008564983)] & [(2.5842713710889726,2.4999826640179346), (2.784271371088973,2.4999826640179346), (2.784271371088973,2.6999826640179347), (2.5842713710889726,2.6999826640179347)] & [(4.509858693524369,0.05782337877506312), (4.709858693524369,0.05782337877506312), (4.709858693524369,0.2578233787750631), (4.509858693524369,0.2578233787750631)] & [(4.378433241511365,2.4988270549195217), (4.578433241511365,2.4988270549195217), (4.578433241511365,2.698827054919522), (4.378433241511365,2.698827054919522)]
t: [(1.1515648161385061,0), (1.6515648161385064,0), (1.6515648161385064,0.6467653333465403), (1.1515648161385061,0.6467653333465403)] & [(0,2.355962140318145), (0.45361498178886106,2.355962140318145), (0.45361498178886106,3.055962140318145), (0,3.055962140318145)] & [(2.3439625098954413,0), (2.8439625098954413,0), (2.8439625098954413,0.6426153509368125), (2.3439625098954413,0.6426153509368125)] & [(2.024346472816408,2.3741013227979817), (2.524346472816408,2.3741013227979817), (2.524346472816408,3.074101322797982), (2.024346472816408,3.074101322797982)] & [(5.034167973317544,0), (5.734167973317543,0), (5.734167973317543,0.4281950462544616), (5.034167973317544,0.4281950462544616)] & [(3.9633111228291455,2.3678126854470656), (4.463311122829145,2.3678126854470656), (4.463311122829145,3.0678126854470658), (3.9633111228291455,3.0678126854470658)]
