h: [(0,1), (6,1), (6,2), (0,2)]
r1: [(0,0), (2,0), (2,1), (0,1)]
r2: [(0,2), (2,2), (2,3), (0,3)]
r3: [(2,0), (4,0), (4,1), (2,1)]
r4: [(2,2), (4,2), (4,3), (2,3)]
r5: [(4,0), (6,0), (6,1), (4,1)]
r6: [(4,2), (6,2), (6,3), (4,3)]
b: [(1.3121697518350848,0.1744385012913082), (1.5121697518350847,0.1744385012913082), (1.5121697518350847,0.3744385012913082), (1.3121697518350848,0.3744385012913082)] & [(1.2190053523184574,2.471908877803625), (1.4190053523184574,2.471908877803625), (1.4190053523184574,2.671908877803625), (1.2190053523184574,2.671908877803625)] & [(2.0644449740798345,0.10036873552921358), (2.2644449740798347,0.10036873552921358), (2.2644449740798347,0.3003687355292136), (2.0644449740798345,0.3003687355292136)] & [(3.4271501429440416,2.5809141895689893), (3.627150142944042,2.5809141895689893), (3.627150142944042,2.7809141895689895), (3.4271501429440416,2.7809141895689895)] & [(4.5338680408028695,0.02048110107273013), (4.73386804080287,0.02048110107273013), (4.73386804080287,0.22048110107273014), (4.5338680408028695,0.22048110107273014)] & [(4.646984833731126,2.471328214718073), (4.846984833731126,2.471328214718073), (4.846984833731126,2.671328214718073), (4.646984833731126,2.671328214718073)]
t: [(0.35750884220103396,0), (1.057508842201034,0), (1.057508842201034,0.4594085745160382), (0.35750884220103396,0.4594085745160382)] & [(1.3354667894088825,2.394280392875732), (1.8354667894088827,2.394280392875732), (1.8354667894088827,3.0942803928757323), (1.3354667894088825,3.0942803928757323)] & [(2.71356001758026,0.03377818056938148), (3.4135600175802603,0.03377818056938148), (3.4135600175802603,0.5337781805693814), (2.71356001758026,0.5337781805693814)] & [(2.56969914129602,2.4929061754575823), (3.2696991412960204,2.4929061754575823), (3.2696991412960204,2.9929061754575823), (2.56969914129602,2.9929061754575823)] & [(5.415594320200546,0), (5.915594320200545,0), (5.915594320200545,0.6478387417916616), (5.415594320200546,0.6478387417916616)] & [(4.78009813038543,2.3819202999518523), (5.280098130385429,2.3819202999518523), (5.280098130385429,3.0819202999518525), (4.78009813038543,3.0819202999518525)]
