h: [(0,1), (6,1), (6,2), (0,2)]
r1: [(0,0), (2,0), (2,1), (0,1)]
r2: [(0,2), (2,2), (2,3), (0,3)]
r3: [(2,0), (4,0), (4,1), (2,1)]
r4: [(2,2), (4,2), (4,3), (2,3)]
r5: [(4,0), (6,0), (6,1), (4,1)]
r6: [(4,2), (6,2), (6,3), (4,3)]
b: [(0.5067703129130823,0.21261314670070214), (0.7067703129130822,0.21261314670070214), (0.7067703129130822,0.41261314670070215), (0.5067703129130823,0.41261314670070215)] & [(0.021000035714768512,2.469823707791684), (0.22100003571476853,2.469823707791684), (0.22100003571476853,2.669823707791684), (0.021000035714768512,2.669823707791684)] & [(3.4631733616525993,0.005347629306069645), (3.6631733616525994,0.005347629306069645), (3.6631733616525994,0.20534762930606965), (3.4631733616525993,0.20534762930606965)] & [(2.7459596686524956,2.4562588678700625), (2.945959668652496,2.4562588678700625), (2.945959668652496,2.6562588678700627), (2.7459596686524956,2.6562588678700627)] & [(4.519249109956057,0.22562872712294302), (4.719249109956057,0.22562872712294302), (4.719249109956057,0.42562872712294303), (4.519249109956057,0.42562872712294303)] & [(4.166195318388355,2.5166126330556122), (4.366195318388355,2.5166126330556122), (4.366195318388355,2.7166126330556124), (4.166195318388355,2.7166126330556124)]
t: [(0.7954252276504072,0.10311360810568354), (1.4954252276504074,0.10311360810568354), (1.4954252276504074,0.6031136081056835), (0.7954252276504072,0.6031136081056835)] & [(0.25587238064212603,2.5231142255295635), (0.955872380642126,2.5231142255295635), (0.955872380642126,3.0231142255295635), (0.25587238064212603,3.0231142255295635)] & [(2.874022726205254,0), (3.374022726205254,0), (3.374022726205254,0.6319069844780992), (2.874022726205254,0.6319069844780992)] & [(2.9533537110996684,2.3983444834970196), (3.6533537110996686,2.3983444834970196), (3.6533537110996686,2.8983444834970196), (2.9533537110996684,2.8983444834970196)] & [(4.697814818012444,0), (5.397814818012443,0), (5.397814818012443,0.48683983328058655), (4.697814818012444,0.48683983328058655)] & [(5.150239714198266,2.3633012176165926), (5.850239714198265,2.3633012176165926), (5.850239714198265,2.8633012176165926), (5.150239714198266,2.8633012176165926)]
