h: [(0,1), (6,1), (6,2), (0,2)]
r1: [(0,0), (2,0), (2,1), (0,1)]
r2: [(0,2), (2,2), (2,3), (0,3)]
r3: [(2,0), (4,0), (4,1), (2,1)]
r4: [(2,2), (4,2), (4,3), (2,3)]
r5: [(4,0), (6,0), (6,1), (4,1)]
r6: [(4,2), (6,2), (6,3), (4,3)]
b: [(1.159408303719782,0.008467412612976646), (1.359408303719782,0.008467412612976646), (1.359408303719782,0.20846741261297666), (1.159408303719782,0.20846741261297666)] & [(0.40453742664796677,2.481791613897685), (0.6045374266479668,2.481791613897685), (0.6045374266479668,2.681791613897685), (0.40453742664796677,2.681791613897685)] & [(2.4930429578499442,0.014524617777812634), (2.6930429578499444,0.014524617777812634), (2.6930429578499444,0.21452461777781265), (2.4930429578499442,0.21452461777781265)] & [(3.005544582669201,2.4861866372014876), (3.205544582669201,2.4861866372014876), (3.205544582669201,2.6861866372014878), (3.005544582669201,2.6861866372014878)] & [(5.314785111133231,0.09950898448258752), (5.514785111133231,0.09950898448258752), (5.514785111133231,0.29950898448258756), (5.314785111133231,0.29950898448258756)] & [(4.743145783029812,2.507030192494841), (4.943145783029812,2.507030192494841), (4.943145783029812,2.707030192494841), (4.743145783029812,2.707030192494841)]
t: [(0.12095136218392374,0), (0.6209513621839237,0), (0.6209513621839237,0.635045843504251), (0.12095136218392374,0.635045843504251)] & [(1.3858057858690913,2.36539264953214), (1.8858057858690915,2.36539264953214), (1.8858057858690915,3.06539264953214), (1.3858057858690913,3.06539264953214)] & [(2.8515202248065425,0), (3.3515202248065425,0), (3.3515202248065425,0.6244515557864185), (2.8515202248065425,0.6244515557864185)] & [(2.4520699652705984,2.3811647422891453), (2.9520699652705984,2.3811647422891453), (2.9520699652705984,3.0811647422891455), (2.4520699652705984,3.0811647422891455)] & [(4.450635276278504,0), (5.1506352762785035,0), (5.1506352762785035,0.4851616665546241), (4.450635276278504,0.4851616665546241)] & [(5.208723421382024,2.4483854176841273), (5.908723421382024,2.4483854176841273), (5.908723421382024,2.9483854176841273), (5.208723421382024,2.9483854176841273)]
