h: [(0,1), (6,1), (6,2), (0,2)]
r1: [(0,0), (2,0), (2,1), (0,1)]
r2: [(0,2), (2,2), (2,3), (0,3)]
r3: [(2,0), (4,0), (4,1), (2,1)]
r4: [(2,2), (4,2), (4,3), (2,3)]
r5: [(4,0), (6,0), (6,1), (4,1)]
r6: [(4,2), (6,2), (6,3), (4,3)]
b: [(1.4561922916001073,0.020157764880505954), (1.6561922916001073,0.020157764880505954), (1.6561922916001073,0.22015776488050598), (1.4561922916001073,0.22015776488050598)] & [(1.4368697738013374,2.469924916181343), (1.6368697738013374,2.469924916181343), (1.6368697738013374,2.669924916181343), (1.4368697738013374,2.669924916181343)] & [(2.12390446158084,0.008064876308537257), (2.32390446158084,0.008064876308537257), (2.32390446158084,0.20806487630853726), (2.12390446158084,0.20806487630853726)] & [(2.231462738469164,2.456082002636822), (2.4314627384691643,2.456082002636822), (2.4314627384691643,2.6560820026368224), (2.231462738469164,2.6560820026368224)] & [(5.5855767327266,0.011010752594505051), (5.7855767327266,0.011010752594505051), (5.7855767327266,0.21101075259450505), (5.5855767327266,0.21101075259450505)] & [(5.099319880063315,2.5058172854050667), (5.299319880063315,2.5058172854050667), (5.299319880063315,2.705817285405067), (5.099319880063315,2.705817285405067)]
t: [(0,0), (0.45757815900083576,0), (0.45757815900083576,0.6322945756482229), (0,0.6322945756482229)] & [(0.26053676105298074,2.3612844809004927), (0.7605367610529807,2.3612844809004927), (0.7605367610529807,3.061284480900493), (0.26053676105298074,3.061284480900493)] & [(2.9745962491627496,0), (3.4745962491627496,0), (3.4745962491627496,0.6181139070950236), (2.9745962491627496,0.6181139070950236)] & [(2.881127432614816,2.358312644310455), (3.381127432614816,2.358312644310455), (3.381127432614816,3.058312644310455), (2.881127432614816,3.058312644310455)] & [(4.516041535790308,0), (5.016041535790307,0), (5.016041535790307,0.634588919540222), (4.516041535790308,0.634588919540222)] & [(4.324495833360935,2.3650375786314473), (5.024495833360934,2.3650375786314473), (5.024495833360934,2.8650375786314473), (4.324495833360935,2.8650375786314473)]
