h: [(0,1), (6,1), (6,2), (0,2)]
r1: [(0,0), (2,0), (2,1), (0,1)]
r2: [(0,2), (2,2), (2,3), (0,3)]
r3: [(2,0), (4,0), (4,1), (2,1)]
r4: [(2,2), (4,2), (4,3), (2,3)]
r5: [(4,0), (6,0), (6,1), (4,1)]
r6: [(4,2), (6,2), (6,3), (4,3)]
b: [(0.08747860658876057,0.026295709769510046), (0.28747860658876057,0.026295709769510046), (0.28747860658876057,0.22629570976951005), (0.08747860658876057,0.22629570976951005)] & [(1.0743913114451085,2.548679862034073), (1.2743913114451084,2.548679862034073), (1.2743913114451084,2.748679862034073), (1.0743913114451085,2.748679862034073)] & [(2.2146653195395034,0.03964876779209183), (2.4146653195395036,0.03964876779209183), (2.4146653195395036,0.23964876779209185), (2.2146653195395034,0.23964876779209185)] & [(3.3272346419445755,2.462473512529996), (3.5272346419445757,2.462473512529996), (3.5272346419445757,2.662473512529996), (3.3272346419445755,2.662473512529996)] & [(5.472230496675909,0.015368703263351704), (5.672230496675909,0.015368703263351704), (5.672230496675909,0.21536870326335172), (5.472230496675909,0.21536870326335172)] & [(5.014846802237627,2.463106499031935), (5.214846802237627,2.463106499031935), (5.214846802237627,2.6631064990319353), (5.014846802237627,2.6631064990319353)]
t: [(0.7400891261900451,0), (1.440089126190045,0), (1.440089126190045,0.4220257617868629), (0.7400891261900451,0.4220257617868629)] & [(0,2.4642144667649664), (0.6342234911372703,2.4642144667649664), (0.6342234911372703,2.9642144667649664), (0,2.9642144667649664)] & [(3.246654193549792,0), (3.746654193549792,0), (3.746654193549792,0.6330941315506496), (3.246654193549792,0.6330941315506496)] & [(2.008983808478265,2.3908761395209), (2.508983808478265,2.3908761395209), (2.508983808478265,3.0908761395209003), (2.008983808478265,3.0908761395209003)] & [(4.032308469418007,0), (4.532308469418006,0), (4.532308469418006,0.6203788937968505), (4.032308469418007,0.6203788937968505)] & [(3.999655507618835,2.351647806907858), (4.499655507618835,2.351647806907858), (4.499655507618835,3.0516478069078583), (3.999655507618835,3.0516478069078583)]
