h: [(0,1), (6,1), (6,2), (0,2)]
r1: [(0,0), (2,0), (2,1), (0,1)]
r2: [(0,2), (2,2), (2,3), (0,3)]
r3: [(2,0), (4,0), (4,1), (2,1)]
r4: [(2,2), (4,2), (4,3), (2,3)]
r5: [(4,0), (6,0), (6,1), (4,1)]
r6: [(4,2), (6,2), (6,3), (4,3)]
b: [(0.29250904015320156,0.10672262313274108), (0.49250904015320157,0.10672262313274108), (0.49250904015320157,0.3067226231327411), (0.29250904015320156,0.3067226231327411)] & [(0.9680177313456166,2.475561492883061), (1.1680177313456166,2.475561492883061), (1.1680177313456166,2.675561492883061), (0.9680177313456166,2.675561492883061)] & [(2.7676311830459768,0.023989640578415704), (2.967631183045977,0.023989640578415704), (2.967631183045977,0.22398964057841572), (2.7676311830459768,0.22398964057841572)] & [(2.7841369523649995,2.6230279220474957), (2.9841369523649997,2.6230279220474957), (2.9841369523649997,2.823027922047496), (2.7841369523649995,2.823027922047496)] & [(4.664530626906088,0.21871162471188793), (4.864530626906088,0.21871162471188793), (4.864530626906088,0.41871162471188794), (4.664530626906088,0.41871162471188794)] & [(4.438546812243806,2.5608389607908033), (4.638546812243806,2.5608389607908033), (4.638546812243806,2.7608389607908035), (4.438546812243806,2.7608389607908035)]
t: [(0.8563908020150051,0.07083044018370394), (1.556390802015005,0.07083044018370394), (1.556390802015005,0.5708304401837039), (0.8563908020150051,0.5708304401837039)] & [(1.0930169558596001,2.3893323113349143), (1.5930169558596003,2.3893323113349143), (1.5930169558596003,3.0893323113349145), (1.0930169558596001,3.0893323113349145)] & [(3.487518470022793,0), (3.987518470022793,0), (3.987518470022793,0.6463702855419519), (3.487518470022793,0.6463702855419519)] & [(3.246692692947752,2.503540526059058), (3.946692692947752,2.503540526059058), (3.946692692947752,3.003540526059058), (3.246692692947752,3.003540526059058)] & [(5.294824327649935,0.12165100472458665), (5.994824327649934,0.12165100472458665), (5.994824327649934,0.6216510047245866), (5.294824327649935,0.6216510047245866)] & [(5.055593332840617,2.5319965243114044), (5.755593332840617,2.5319965243114044), (5.755593332840617,3.0319965243114044), (5.055593332840617,3.0319965243114044)]
