h: [(0,1), (6,1), (6,2), (0,2)]
r1: [(0,0), (2,0), (2,1), (0,1)]
r2: [(0,2), (2,2), (2,3), (0,3)]
r3: [(2,0), (4,0), (4,1), (2,1)]
r4: [(2,2), (4,2), (4,3), (2,3)]
r5: [(4,0), (6,0), (6,1), (4,1)]
r6: [(4,2), (6,2), (6,3), (4,3)]
b: [(0.17231628386505976,0.13251958469590108), (0.37231628386505977,0.13251958469590108), (0.37231628386505977,0.3325195846959011), (0.17231628386505976,0.3325195846959011)] & [(0.894603624034842,2.6743902470088763), (1.094603624034842,2.6743902470088763), (1.094603624034842,2.8743902470088765), (0.894603624034842,2.8743902470088765)] & [(2.1834121225038934,0.007497802565282886), (2.3834121225038936,0.007497802565282886), (2.3834121225038936,0.20749780256528289), (2.1834121225038934,0.20749780256528289)] & [(2.8989762363355074,2.458587600862177), (3.0989762363355076,2.458587600862177), (3.0989762363355076,2.658587600862177), (2.8989762363355074,2.658587600862177)] & [(5.498975814478678,0.0071245141090969695), (5.698975814478678,0.0071245141090969695), (5.698975814478678,0.207124514109097), (5.498975814478678,0.207124514109097)] & [(5.144459346690624,2.58776075317021), (5.344459346690624,2.58776075317021), (5.344459346690624,2.78776075317021), (5.144459346690624,2.78776075317021)]
t: [(0.6247221196482552,0.0430845798200615), (1.3247221196482553,0.0430845798200615), (1.3247221196482553,0.5430845798200615), (0.6247221196482552,0.5430845798200615)] & [(0.21263512390830888,2.5008604117957436), (0.9126351239083089,2.5008604117957436), (0.9126351239083089,3.0008604117957436), (0.21263512390830888,3.0008604117957436)] & [(2.567789906557821,0), (3.067789906557821,0), (3.067789906557821,0.6416512323915936), (2.567789906557821,0.6416512323915936)] & [(3.3640552582250645,2.3838695380405417), (3.8640552582250645,2.3838695380405417), (3.8640552582250645,3.083869538040542), (3.3640552582250645,3.083869538040542)] & [(4.769572369188406,0), (5.269572369188405,0), (5.269572369188405,0.6348458815480301), (4.769572369188406,0.6348458815480301)] & [(4.191816819860246,2.3579141169141713), (4.891816819860245,2.3579141169141713), (4.891816819860245,2.8579141169141713), (4.191816819860246,2.8579141169141713)]
