h: [(0,1), (6,1), (6,2), (0,2)]
r1: [(0,0), (2,0), (2,1), (0,1)]
r2: [(0,2), (2,2), (2,3), (0,3)]
r3: [(2,0), (4,0), (4,1), (2,1)]
r4: [(2,2), (4,2), (4,3), (2,3)]
r5: [(4,0), (6,0), (6,1), (4,1)]
r6: [(4,2), (6,2), (6,3), (4,3)]
b: [(1.231375183914092,0.21885212122430253), (1.431375183914092,0.21885212122430253), (1.431375183914092,0.41885212122430254), (1.231375183914092,0.41885212122430254)] & [(1.4003574937799004,2.4854319090234447), (1.6003574937799003,2.4854319090234447), (1.6003574937799003,2.685431909023445), (1.4003574937799004,2.685431909023445)] & [(3.520294953178957,0.04925292164964547), (3.720294953178957,0.04925292164964547), (3.720294953178957,0.24925292164964546), (3.520294953178957,0.24925292164964546)] & [(2.2675836770169546,2.61032610216035), (2.467583677016955,2.61032610216035), (2.467583677016955,2.8103261021603503), (2.2675836770169546,2.8103261021603503)] & [(4.9418984080005295,0.012027457952832393), (5.14189840800053,0.012027457952832393), (5.14189840800053,0.2120274579528324), (4.9418984080005295,0.2120274579528324)] & [(4.181301080528531,2.624884319868043), (4.381301080528531,2.624884319868043), (4.381301080528531,2.824884319868043), (4.181301080528531,2.824884319868043)]
t: [(0.1931022185729683,0.08476911648308655), (0.8931022185729683,0.08476911648308655), (0.8931022185729683,0.5847691164830865), (0.1931022185729683,0.5847691164830865)] & [(0.883395761339572,2.3585498158950937), (1.383395761339572,2.3585498158950937), (1.383395761339572,3.058549815895094), (0.883395761339572,3.058549815895094)] & [(2.3566419388128477,0), (2.8566419388128477,0), (2.8566419388128477,0.6360913137422693), (2.3566419388128477,0.6360913137422693)] & [(2.6829996185401894,2.428291137098586), (3.3829996185401896,2.428291137098586), (3.3829996185401896,2.928291137098586), (2.6829996185401894,2.928291137098586)] & [(5.046167542254713,0), (5.546167542254712,0), (5.546167542254712,0.6372648230488817), (5.046167542254713,0.6372648230488817)] & [(4.890364368889725,2.5220548915107677), (5.590364368889724,2.5220548915107677), (5.590364368889724,3.0220548915107677), (4.890364368889725,3.0220548915107677)]
