h: [(0,1), (6,1), (6,2), (0,2)]
r1: [(0,0), (2,0), (2,1), (0,1)]
r2: [(0,2), (2,2), (2,3), (0,3)]
r3: [(2,0), (4,0), (4,1), (2,1)]
r4: [(2,2), (4,2), (4,3), (2,3)]
r5: [(4,0), (6,0), (6,1), (4,1)]
r6: [(4,2), (6,2), (6,3), (4,3)]
b: [(0.3953113664950825,0.029394855281862337), (0.5953113664950824,0.029394855281862337), (0.5953113664950824,0.22939485528186235), (0.3953113664950825,0.22939485528186235)] & [(0.3041130099129529,2.5857427982997354), (0.5041130099129529,2.5857427982997354), (0.5041130099129529,2.7857427982997356), (0.3041130099129529,2.7857427982997356)] & [(2.160163723683804,0.11351478913110336), (2.360163723683804,0.11351478913110336), (2.360163723683804,0.31351478913110337), (2.160163723683804,0.31351478913110337)] & [(2.7961355954593827,2.576407630840408), (2.996135595459383,2.576407630840408), (2.996135595459383,2.776407630840408), (2.7961355954593827,2.776407630840408)] & [(4.1253275002701395,0.04050504616064843), (4.32532750027014,0.04050504616064843), (4.32532750027014,0.24050504616064844), (4.1253275002701395,0.24050504616064844)] & [(4.15221327860339,2.6019164385014104), (4.35221327860339,2.6019164385014104), (4.35221327860339,2.8019164385014106), (4.15221327860339,2.8019164385014106)]
t: [(1.1722599495151271,0), (1.6722599495151274,0), (1.6722599495151274,0.6434775146459698), (1.1722599495151271,0.6434775146459698)] & [(1.1180478132492326,2.5466249334735123), (1.8180478132492328,2.5466249334735123), (1.8180478132492328,3.0466249334735123), (1.1180478132492326,3.0466249334735123)] & [(2.2755102465834036,0.08762865767727185), (2.975510246583404,0.08762865767727185), (2.975510246583404,0.5876286576772718), (2.2755102465834036,0.5876286576772718)] & [(3.2038540242053544,2.509865702074196), (3.9038540242053545,2.509865702074196), (3.9038540242053545,3.009865702074196), (3.2038540242053544,3.009865702074196)] & [(4.978708414670673,0), (5.478708414670672,0), (5.478708414670672,0.6452640847426108), (4.978708414670673,0.6452640847426108)] & [(4.434513999248959,2.558476303151124), (5.134513999248958,2.558476303151124), (5.134513999248958,3.058476303151124), (4.434513999248959,3.058476303151124)]
