h: [(0,1), (6,1), (6,2), (0,2)]
r1: [(0,0), (2,0), (2,1), (0,1)]
r2: [(0,2), (2,2), (2,3), (0,3)]
r3: [(2,0), (4,0), (4,1), (2,1)]
r4: [(2,2), (4,2), (4,3), (2,3)]
r5: [(4,0), (6,0), (6,1), (4,1)]
r6: [(4,2), (6,2), (6,3), (4,3)]
b: [(0.14947180226471682,0.02091689217472329), (0.34947180226471686,0.02091689217472329), (0.34947180226471686,0.2209168921747233), (0.14947180226471682,0.2209168921747233)] & [(0.6273541440183587,2.477004628620861), (0.8273541440183587,2.477004628620861), (0.8273541440183587,2.6770046286208613), (0.6273541440183587,2.6770046286208613)] & [(2.9814933444421734,0.12934435622612497), (3.1814933444421736,0.12934435622612497), (3.1814933444421736,0.329344356226125), (2.9814933444421734,0.329344356226125)] & [(2.604611377028673,2.4556731757471737), (2.804611377028673,2.4556731757471737), (2.804611377028673,2.655673175747174), (2.604611377028673,2.655673175747174)] & [(4.347661487126392,0.1916006178306838), (4.547661487126392,0.1916006178306838), (4.547661487126392,0.3916006178306838), (4.347661487126392,0.3916006178306838)] & [(5.363298825787696,2.4629142056933873), (5.5632988257876965,2.4629142056933873), (5.5632988257876965,2.6629142056933874), (5.363298825787696,2.6629142056933874)]
t: [(0.8728338033347637,0), (1.3728338033347638,0), (1.3728338033347638,0.6111083374586097), (0.8728338033347637,0.6111083374586097)] & [(0.16804354834344407,2.3916958347604065), (0.668043548343444,2.3916958347604065), (0.668043548343444,3.0916958347604067), (0.16804354834344407,3.0916958347604067)] & [(2.253526114393169,0), (2.9535261143931693,0), (2.9535261143931693,0.4382267572840407), (2.253526114393169,0.4382267572840407)] & [(2.826860292638815,2.3720067497225443), (3.326860292638815,2.3720067497225443), (3.326860292638815,3.0720067497225445), (2.826860292638815,3.0720067497225445)] & [(4.828490436575184,0), (5.528490436575184,0), (5.528490436575184,0.44804130570332035), (4.828490436575184,0.44804130570332035)] & [(4.5188471547685385,2.4972809125233755), (5.218847154768538,2.4972809125233755), (5.218847154768538,2.9972809125233755), (4.5188471547685385,2.9972809125233755)]
