h: [(0,1), (6,1), (6,2), (0,2)]
r1: [(0,0), (2,0), (2,1), (0,1)]
r2: [(0,2), (2,2), (2,3), (0,3)]
r3: [(2,0), (4,0), (4,1), (2,1)]
r4: [(2,2), (4,2), (4,3), (2,3)]
r5: [(4,0), (6,0), (6,1), (4,1)]
r6: [(4,2), (6,2), (6,3), (4,3)]
b: [(0.6814717701457255,0.028877805742058806), (0.8814717701457255,0.028877805742058806), (0.8814717701457255,0.22887780574205882), (0.6814717701457255,0.22887780574205882)] & [(1.0086629000590797,2.467334446272776), (1.2086629000590796,2.467334446272776), (1.2086629000590796,2.6673344462727764), (1.0086629000590797,2.6673344462727764)] & [(3.033740725247565,0.17492669174145553), (3.233740725247565,0.17492669174145553), (3.233740725247565,0.37492669174145554), (3.033740725247565,0.37492669174145554)] & [(2.878702544069988,2.463946449869611), (3.078702544069988,2.463946449869611), (3.078702544069988,2.663946449869611), (2.878702544069988,2.663946449869611)] & [(5.65129659041679,0.004825296514136156), (5.851296590416791,0.004825296514136156), (5.851296590416791,0.20482529651413617), (5.65129659041679,0.20482529651413617)] & [(5.43993234475507,2.639487952564069), (5.63993234475507,2.639487952564069), (5.63993234475507,2.839487952564069), (5.43993234475507,2.839487952564069)]
t: [(0.08852204260107985,0), (0.5885220426010799,0), (0.5885220426010799,0.6200507596108369), (0.08852204260107985,0.6200507596108369)] & [(1.3497144214397856,2.386131380617537), (1.8497144214397858,2.386131380617537), (1.8497144214397858,3.086131380617537), (1.3497144214397856,3.086131380617537)] & [(2.0412735903605546,0.1486321241574), (2.7412735903605547,0.1486321241574), (2.7412735903605547,0.6486321241573999), (2.0412735903605546,0.6486321241573999)] & [(2.409682449582955,2.3807208310721246), (2.909682449582955,2.3807208310721246), (2.909682449582955,3.080720831072125), (2.409682449582955,3.080720831072125)] & [(3.982086787537034,0), (4.482086787537034,0), (4.482086787537034,0.61576170863196), (3.982086787537034,0.61576170863196)] & [(4.617061288074511,2.3851427901170106), (5.317061288074511,2.3851427901170106), (5.317061288074511,2.8851427901170106), (4.617061288074511,2.8851427901170106)]
