h: [(0,1), (6,1), (6,2), (0,2)]
r1: [(0,0), (2,0), (2,1), (0,1)]
r2: [(0,2), (2,2), (2,3), (0,3)]
r3: [(2,0), (4,0), (4,1), (2,1)]
r4: [(2,2), (4,2), (4,3), (2,3)]
r5: [(4,0), (6,0), (6,1), (4,1)]
r6: [(4,2), (6,2), (6,3), (4,3)]
b: [(0.2943247972705651,0.23730772262015024), (0.4943247972705651,0.23730772262015024), (0.4943247972705651,0.4373077226201503), (0.2943247972705651,0.4373077226201503)] & [(0.6473476815495075,2.4711711810336743), (0.8473476815495076,2.4711711810336743), (0.8473476815495076,2.6711711810336745), (0.6473476815495075,2.6711711810336745)] & [(3.259347910197585,0.054402617994957644), (3.459347910197585,0.054402617994957644), (3.459347910197585,0.25440261799495767), (3.259347910197585,0.25440261799495767)] & [(2.989998860684606,2.456606333528108), (3.1899988606846064,2.456606333528108), (3.1899988606846064,2.6566063335281083), (2.989998860684606,2.6566063335281083)] & [(4.258943721374948,0.0216764939351109), (4.458943721374948,0.0216764939351109), (4.458943721374948,0.2216764939351109), (4.258943721374948,0.2216764939351109)] & [(4.549673380963647,2.5623579470626603), (4.749673380963647,2.5623579470626603), (4.749673380963647,2.7623579470626605), (4.549673380963647,2.7623579470626605)]
t: [(0.5101796761957051,0.048390204899545625), (1.2101796761957053,0.048390204899545625), (1.2101796761957053,0.5483902048995456), (0.5101796761957051,0.5483902048995456)] & [(0.808276641730173,2.3712307707348037), (1.308276641730173,2.3712307707348037), (1.308276641730173,3.071230770734804), (0.808276641730173,3.071230770734804)] & [(2.166918686500764,0.0703640427149787), (2.8669186865007643,0.0703640427149787), (2.8669186865007643,0.5703640427149786), (2.166918686500764,0.5703640427149786)] & [(3.253869154051022,2.3898944423626545), (3.753869154051022,2.3898944423626545), (3.753869154051022,3.0898944423626546), (3.253869154051022,3.0898944423626546)] & [(4.368832562000204,0.039554842590545536), (5.068832562000203,0.039554842590545536), (5.068832562000203,0.5395548425905455), (4.368832562000204,0.5395548425905455)] & [(5.30190881309846,2.3656137053668367), (6.001908813098459,2.3656137053668367), (6.001908813098459,2.8656137053668367), (5.30190881309846,2.8656137053668367)]
