h: [(0,1), (6,1), (6,2), (0,2)]
r1: [(0,0), (2,0), (2,1), (0,1)]
r2: [(0,2), (2,2), (2,3), (0,3)]
r3: [(2,0), (4,0), (4,1), (2,1)]
r4: [(2,2), (4,2), (4,3), (2,3)]
r5: [(4,0), (6,0), (6,1), (4,1)]
r6: [(4,2), (6,2), (6,3), (4,3)]
b: [(1.0016408987062335,0.030576180441922018), (1.2016408987062335,0.030576180441922018), (1.2016408987062335,0.23057618044192202), (1.0016408987062335,0.23057618044192202)] & [(0.7971420552185321,2.4971309149250276), (0.9971420552185322,2.4971309149250276), (0.9971420552185322,2.6971309149250278), (0.7971420552185321,2.6971309149250278)] & [(2.587799693442281,0.02255197310466854), (2.787799693442281,0.02255197310466854), (2.787799693442281,0.22255197310466857), (2.587799693442281,0.22255197310466857)] & [(3.5091905096453084,2.4684433299127555), (3.7091905096453086,2.4684433299127555), (3.7091905096453086,2.6684433299127557), (3.5091905096453084,2.6684433299127557)] & [(4.878124747704316,0.027406351211877764), (5.078124747704316,0.027406351211877764), (5.078124747704316,0.22740635121187777), (4.878124747704316,0.22740635121187777)] & [(5.488929109492687,2.4847320936703423), (5.688929109492687,2.4847320936703423), (5.688929109492687,2.6847320936703425), (5.488929109492687,2.6847320936703425)]
t: [(1.5110230330795742,0), (2.0110230330795744,0), (2.0110230330795744,0.6020075077276341), (1.5110230330795742,0.6020075077276341)] & [(1.2054457260329192,2.3984177314721165), (1.7054457260329194,2.3984177314721165), (1.7054457260329194,3.0984177314721166), (1.2054457260329192,3.0984177314721166)] & [(3.0447793488075137,0), (3.5447793488075137,0), (3.5447793488075137,0.6367800879453702), (3.0447793488075137,0.6367800879453702)] & [(2.847001408089327,2.388924880683624), (3.347001408089327,2.388924880683624), (3.347001408089327,3.0889248806836243), (2.847001408089327,3.0889248806836243)] & [(5.302751815148262,0), (5.8027518151482615,0), (5.8027518151482615,0.6093382979336179), (5.302751815148262,0.6093382979336179)] & [(3.9673398243898457,2.552605525874342), (4.667339824389845,2.552605525874342), (4.667339824389845,3.052605525874342), (3.9673398243898457,3.052605525874342)]
