h: [(0,1), (6,1), (6,2), (0,2)]
r1: [(0,0), (2,0), (2,1), (0,1)]
r2: [(0,2), (2,2), (2,3), (0,3)]
r3: [(2,0), (4,0), (4,1), (2,1)]
r4: [(2,2), (4,2), (4,3), (2,3)]
r5: [(4,0), (6,0), (6,1), (4,1)]
r6: [(4,2), (6,2), (6,3), (4,3)]
b: [(0.8785408350652737,0.026156596654506453), (1.0785408350652737,0.026156596654506453), (1.0785408350652737,0.22615659665450646), (0.8785408350652737,0.22615659665450646)] & [(1.399710090298294,2.4543069173346534), (1.599710090298294,2.4543069173346534), (1.599710090298294,2.6543069173346536), (1.399710090298294,2.6543069173346536)] & [(3.3748124715420835,0.04487735703807636), (3.5748124715420837,0.04487735703807636), (3.5748124715420837,0.24487735703807637), (3.3748124715420835,0.24487735703807637)] & [(2.079555522747206,2.535957141996984), (2.279555522747206,2.535957141996984), (2.279555522747206,2.7359571419969844), (2.079555522747206,2.7359571419969844)] & [(4.632665942072995,0.015234521426666512), (4.832665942072995,0.015234521426666512), (4.832665942072995,0.21523452142666652), (4.632665942072995,0.21523452142666652)] & [(4.156093130324991,2.592947160367293), (4.356093130324991,2.592947160367293), (4.356093130324991,2.792947160367293), (4.156093130324991,2.792947160367293)]
t: [(1.293955583428125,0), (1.7939555834281251,0), (1.7939555834281251,0.6216734668782988), (1.293955583428125,0.6216734668782988)] & [(0.42046538843182324,2.554763919997715), (1.1204653884318234,2.554763919997715), (1.1204653884318234,3.054763919997715), (0.42046538843182324,3.054763919997715)] & [(2.2865449443070736,0.13612827859054688), (2.9865449443070737,0.13612827859054688), (2.9865449443070737,0.6361282785905469), (2.2865449443070736,0.6361282785905469)] & [(2.541814635011797,2.4172990487401553), (3.241814635011797,2.4172990487401553), (3.241814635011797,2.9172990487401553), (2.541814635011797,2.9172990487401553)] & [(5.348658080739611,0), (6.04865808073961,0), (6.04865808073961,0.4908533624124536), (5.348658080739611,0.4908533624124536)] & [(5.239234757331492,2.4745785773702105), (5.939234757331492,2.4745785773702105), (5.939234757331492,2.9745785773702105), (5.239234757331492,2.9745785773702105)]
