h: [(0,1), (6,1), (6,2), (0,2)]
r1: [(0,0), (2,0), (2,1), (0,1)]
r2: [(0,2), (2,2), (2,3), (0,3)]
r3: [(2,0), (4,0), (4,1), (2,1)]
r4: [(2,2), (4,2), (4,3), (2,3)]
r5: [(4,0), (6,0), (6,1), (4,1)]
r6: [(4,2), (6,2), (6,3), (4,3)]
b: [(0.615491083550299,0.014554821049493146), (0.8154910835502991,0.014554821049493146), (0.8154910835502991,0.21455482104949317), (0.615491083550299,0.21455482104949317)] & [(0.37586272057074444,2.6136573756149764), (0.5758627205707445,2.6136573756149764), (0.5758627205707445,2.8136573756149765), (0.37586272057074444,2.8136573756149765)] & [(2.8657581467354643,0.24370044377755262), (3.0657581467354644,0.24370044377755262), (3.0657581467354644,0.44370044377755263), (2.8657581467354643,0.44370044377755263)] & [(3.0370319269175106,2.610125421713351), (3.2370319269175107,2.610125421713351), (3.2370319269175107,2.810125421713351), (3.0370319269175106,2.810125421713351)] & [(4.287714094316379,0.23831693322921926), (4.487714094316379,0.23831693322921926), (4.487714094316379,0.4383169332292193), (4.287714094316379,0.4383169332292193)] & [(5.3674656822791516,2.455286983082402), (5.567465682279152,2.455286983082402), (5.567465682279152,2.655286983082402), (5.3674656822791516,2.655286983082402)]
t: [(0.8464961852971374,0), (1.3464961852971375,0), (1.3464961852971375,0.644126745694382), (0.8464961852971374,0.644126745694382)] & [(0.8727464850309987,2.386878934212696), (1.572746485030999,2.386878934212696), (1.572746485030999,2.886878934212696), (0.8727464850309987,2.886878934212696)] & [(3.332239658554289,0.13801273828136337), (4.032239658554289,0.13801273828136337), (4.032239658554289,0.6380127382813633), (3.332239658554289,0.6380127382813633)] & [(2.2097636200998862,2.5550924622919515), (2.9097636200998864,2.5550924622919515), (2.9097636200998864,3.0550924622919515), (2.2097636200998862,3.0550924622919515)] & [(5.278278035170789,0), (5.9782780351707885,0), (5.9782780351707885,0.47541829192520735), (5.278278035170789,0.47541829192520735)] & [(5.472906016856265,2.3935657537752575), (5.972906016856264,2.3935657537752575), (5.972906016856264,3.0935657537752577), (5.472906016856265,3.0935657537752577)]
