h: [(0,1), (6,1), (6,2), (0,2)]
r1: [(0,0), (2,0), (2,1), (0,1)]
r2: [(0,2), (2,2), (2,3), (0,3)]
r3: [(2,0), (4,0), (4,1), (2,1)]
r4: [(2,2), (4,2), (4,3), (2,3)]
r5: [(4,0), (6,0), (6,1), (4,1)]
r6: [(4,2), (6,2), (6,3), (4,3)]
b: [(0.2465724528723055,0.0027956434455172568), (0.4465724528723055,0.0027956434455172568), (0.4465724528723055,0.20279564344551726), (0.2465724528723055,0.20279564344551726)] & [(1.2010008776765742,2.667065827416582), (1.401000877676574,2.667065827416582), (1.401000877676574,2.867065827416582), (1.2010008776765742,2.867065827416582)] & [(2.9059630559407776,0.048106994568815516), (3.105963055940778,0.048106994568815516), (3.105963055940778,0.24810699456881552), (2.9059630559407776,0.24810699456881552)] & [(2.832885778899688,2.5960578223316166), (3.032885778899688,2.5960578223316166), (3.032885778899688,2.796057822331617), (2.832885778899688,2.796057822331617)] & [(5.309425156306088,0.20646984679499228), (5.509425156306088,0.20646984679499228), (5.509425156306088,0.4064698467949923), (5.309425156306088,0.4064698467949923)] & [(5.106738716828391,2.4969328860376714), (5.3067387168283915,2.4969328860376714), (5.3067387168283915,2.6969328860376716), (5.106738716828391,2.6969328860376716)]
t: [(0.6419050633091845,0), (1.1419050633091845,0), (1.1419050633091845,0.6459969376475693), (0.6419050633091845,0.6459969376475693)] & [(0,2.5278263109072148), (0.6827263137441922,2.5278263109072148), (0.6827263137441922,3.0278263109072148), (0,3.0278263109072148)] & [(3.389835898223501,0), (3.889835898223501,0), (3.889835898223501,0.6487717783039603), (3.389835898223501,0.6487717783039603)] & [(2.083709508615356,2.5046146046632316), (2.783709508615356,2.5046146046632316), (2.783709508615356,3.0046146046632316), (2.083709508615356,3.0046146046632316)] & [(4.515275965042566,0.024882194506104682), (5.215275965042565,0.024882194506104682), (5.215275965042565,0.5248821945061046), (4.515275965042566,0.5248821945061046)] & [(4.014223886503797,2.396671904185401), (4.514223886503796,2.396671904185401), (4.514223886503796,3.0966719041854014), (4.014223886503797,3.0966719041854014)]
