h: [(0,1), (6,1), (6,2), (0,2)]
r1: [(0,0), (2,0), (2,1), (0,1)]
r2: [(0,2), (2,2), (2,3), (0,3)]
r3: [(2,0), (4,0), (4,1), (2,1)]
r4: [(2,2), (4,2), (4,3), (2,3)]
r5: [(4,0), (6,0), (6,1), (4,1)]
r6: [(4,2), (6,2), (6,3), (4,3)]
b: [(0.402867388722594,0.018056995751978444), (0.6028673887225939,0.018056995751978444), (0.6028673887225939,0.21805699575197846), (0.402867388722594,0.21805699575197846)] & [(1.22684622181152,2.5106794976410645), (1.4268462218115199,2.5106794976410645), (1.4268462218115199,2.7106794976410646), (1.22684622181152,2.7106794976410646)] & [(2.4643736027006877,0.0036967730632639618), (2.664373602700688,0.0036967730632639618), (2.664373602700688,0.20369677306326398), (2.4643736027006877,0.20369677306326398)] & [(3.0456086209252247,2.6303019662281564), (3.245608620925225,2.6303019662281564), (3.245608620925225,2.8303019662281566), (3.0456086209252247,2.8303019662281566)] & [(4.652529316463545,0.007124299278481744), (4.852529316463545,0.007124299278481744), (4.852529316463545,0.20712429927848175), (4.652529316463545,0.20712429927848175)] & [(4.390907766026173,2.4847361866688997), (4.590907766026173,2.4847361866688997), (4.590907766026173,2.6847361866689), (4.390907766026173,2.6847361866689)]
t: [(0.5086009575508129,0), (1.008600957550813,0), (1.008600957550813,0.6288187176245952), (0.5086009575508129,0.6288187176245952)] & [(0.11734809000453025,2.42567804123597), (0.8173480900045302,2.42567804123597), (0.8173480900045302,2.92567804123597), (0.11734809000453025,2.92567804123597)] & [(3.279307870723509,0), (3.779307870723509,0), (3.779307870723509,0.6119011734616325), (3.279307870723509,0.6119011734616325)] & [(2.218654936969162,2.4429531219355356), (2.9186549369691623,2.4429531219355356), (2.9186549369691623,2.9429531219355356), (2.218654936969162,2.9429531219355356)] & [(5.125469642419683,0), (5.625469642419682,0), (5.625469642419682,0.6159537220842624), (5.125469642419683,0.6159537220842624)] & [(4.776226635177574,2.3806371360301926), (5.276226635177573,2.3806371360301926), (5.276226635177573,3.0806371360301927), (4.776226635177574,3.0806371360301927)]
