h: [(0,1), (6,1), (6,2), (0,2)]
r1: [(0,0), (2,0), (2,1), (0,1)]
r2: [(0,2), (2,2), (2,3), (0,3)]
r3: [(2,0), (4,0), (4,1), (2,1)]
r4: [(2,2), (4,2), (4,3), (2,3)]
r5: [(4,0), (6,0), (6,1), (4,1)]
r6: [(4,2), (6,2), (6,3), (4,3)]
b: [(1.139292058447112,0.0016194602037446619), (1.339292058447112,0.0016194602037446619), (1.339292058447112,0.20161946020374466), (1.139292058447112,0.20161946020374466)] & [(0.7374280840661482,2.4545246492970265), (0.9374280840661482,2.4545246492970265), (0.9374280840661482,2.6545246492970267), (0.7374280840661482,2.6545246492970267)] & [(2.9525452009609054,0.025992421714869908), (3.1525452009609056,0.025992421714869908), (3.1525452009609056,0.2259924217148699), (2.9525452009609054,0.2259924217148699)] & [(3.290163785306726,2.491785410691904), (3.490163785306726,2.491785410691904), (3.490163785306726,2.6917854106919044), (3.290163785306726,2.6917854106919044)] & [(4.825127819406505,0.0326906643773768), (5.025127819406505,0.0326906643773768), (5.025127819406505,0.23269066437737682), (4.825127819406505,0.23269066437737682)] & [(5.47635057427054,2.4618462697454486), (5.67635057427054,2.4618462697454486), (5.67635057427054,2.661846269745449), (5.47635057427054,2.661846269745449)]
t: [(0.16256850333662112,0), (0.6625685033366211,0), (0.6625685033366211,0.6423237132505684), (0.16256850333662112,0.6423237132505684)] & [(0.10247438902260078,2.433858219977622), (0.8024743890226008,2.433858219977622), (0.8024743890226008,2.933858219977622), (0.10247438902260078,2.933858219977622)] & [(3.4436991610440573,0), (3.9436991610440573,0), (3.9436991610440573,0.639504452611609), (3.4436991610440573,0.639504452611609)] & [(2.052201772877836,2.3726566987331243), (2.552201772877836,2.3726566987331243), (2.552201772877836,3.0726566987331245), (2.052201772877836,3.0726566987331245)] & [(5.062947439433064,0), (5.562947439433063,0), (5.562947439433063,0.6006062159511844), (5.062947439433064,0.6006062159511844)] & [(4.329732458981354,2.358155648102982), (4.829732458981353,2.358155648102982), (4.829732458981353,3.058155648102982), (4.329732458981354,3.058155648102982)]
