h: [(0,1), (6,1), (6,2), (0,2)]
r1: [(0,0), (2,0), (2,1), (0,1)]
r2: [(0,2), (2,2), (2,3), (0,3)]
r3: [(2,0), (4,0), (4,1), (2,1)]
r4: [(2,2), (4,2), (4,3), (2,3)]
r5: [(4,0), (6,0), (6,1), (4,1)]
r6: [(4,2), (6,2), (6,3), (4,3)]
b: [(1.1684584520066774,0.1334395430514817), (1.3684584520066774,0.1334395430514817), (1.3684584520066774,0.3334395430514817), (1.1684584520066774,0.3334395430514817)] & [(0.7745007482523344,2.4877719467832793), (0.9745007482523345,2.4877719467832793), (0.9745007482523345,2.6877719467832795), (0.7745007482523344,2.6877719467832795)] & [(2.5285651087871197,0.0477815472392377), (2.72856510878712,0.0477815472392377), (2.72856510878712,0.2477815472392377), (2.5285651087871197,0.2477815472392377)] & [(3.495791088725892,2.4898463002079967), (3.6957910887258922,2.4898463002079967), (3.6957910887258922,2.689846300207997), (3.495791088725892,2.689846300207997)] & [(4.178071215227663,0.24032676782864681), (4.3780712152276635,0.24032676782864681), (4.3780712152276635,0.4403267678286468), (4.178071215227663,0.4403267678286468)] & [(4.12805063276985,2.4787854337274964), (4.32805063276985,2.4787854337274964), (4.32805063276985,2.6787854337274966), (4.12805063276985,2.6787854337274966)]
t: [(0.41505969561221034,0), (1.1150596956122105,0), (1.1150596956122105,0.44370100644702837), (0.41505969561221034,0.44370100644702837)] & [(0.9101998994214099,2.4593813236127833), (1.61019989942141,2.4593813236127833), (1.61019989942141,2.9593813236127833), (0.9101998994214099,2.9593813236127833)] & [(2.005691927735323,0), (2.505691927735323,0), (2.505691927735323,0.6349862892122686), (2.005691927735323,0.6349862892122686)] & [(2.8468216479185156,2.350516195018655), (3.3468216479185156,2.350516195018655), (3.3468216479185156,3.050516195018655), (2.8468216479185156,3.050516195018655)] & [(5.257699733371453,0), (5.957699733371452,0), (5.957699733371452,0.46484113502350277), (5.257699733371453,0.46484113502350277)] & [(5.276563877407428,2.3968632661230207), (5.776563877407427,2.3968632661230207), (5.776563877407427,3.096863266123021), (5.276563877407428,3.096863266123021)]
