h: [(0,1), (6,1), (6,2), (0,2)]
r1: [(0,0), (2,0), (2,1), (0,1)]
r2: [(0,2), (2,2), (2,3), (0,3)]
r3: [(2,0), (4,0), (4,1), (2,1)]
r4: [(2,2), (4,2), (4,3), (2,3)]
r5: [(4,0), (6,0), (6,1), (4,1)]
r6: [(4,2), (6,2), (6,3), (4,3)]
b: [(0.4079452532981516,0.03231916093647127), (0.6079452532981516,0.03231916093647127), (0.6079452532981516,0.2323191609364713), (0.4079452532981516,0.2323191609364713)] & [(0.9478257332132953,2.4898490523710572), (1.1478257332132953,2.4898490523710572), (1.1478257332132953,2.6898490523710574), (0.9478257332132953,2.6898490523710574)] & [(3.2987555249513516,0.020080526447458585), (3.498755524951352,0.020080526447458585), (3.498755524951352,0.2200805264474586), (3.2987555249513516,0.2200805264474586)] & [(3.095111804448373,2.5920973117287507), (3.295111804448373,2.5920973117287507), (3.295111804448373,2.792097311728751), (3.095111804448373,2.792097311728751)] & [(5.2216190533868625,0.0097667773199865), (5.421619053386863,0.0097667773199865), (5.421619053386863,0.2097667773199865), (5.2216190533868625,0.2097667773199865)] & [(5.1080909512040025,2.4543560321574858), (5.308090951204003,2.4543560321574858), (5.308090951204003,2.654356032157486), (5.1080909512040025,2.654356032157486)]
t: [(0.6379583584191368,0), (1.1379583584191368,0), (1.1379583584191368,0.6426347038766711), (0.6379583584191368,0.6426347038766711)] & [(1.109373723438241,2.3639231168755352), (1.6093737234382413,2.3639231168755352), (1.6093737234382413,3.0639231168755354), (1.109373723438241,3.0639231168755354)] & [(1.9659055586981435,0), (2.4659055586981435,0), (2.4659055586981435,0.6107430908488293), (1.9659055586981435,0.6107430908488293)] & [(2.373111485390677,2.479757672189827), (3.0731114853906774,2.479757672189827), (3.0731114853906774,2.979757672189827), (2.373111485390677,2.979757672189827)] & [(4.293934890746813,0), (4.7939348907468124,0), (4.7939348907468124,0.6377731988014274), (4.293934890746813,0.6377731988014274)] & [(4.1936567085172305,2.3780210236516712), (4.69365670851723,2.3780210236516712), (4.69365670851723,3.0780210236516714), (4.1936567085172305,3.0780210236516714)]
