h: [(0,1), (6,1), (6,2), (0,2)]
r1: [(0,0), (2,0), (2,1), (0,1)]
r2: [(0,2), (2,2), (2,3), (0,3)]
r3: [(2,0), (4,0), (4,1), (2,1)]
r4: [(2,2), (4,2), (4,3), (2,3)]
r5: [(4,0), (6,0), (6,1), (4,1)]
r6: [(4,2), (6,2), (6,3), (4,3)]
b: [(0.7601642941280259,0.020219341989893117), (0.960164294128026,0.020219341989893117), (0.960164294128026,0.22021934198989312), (0.7601642941280259,0.22021934198989312)] & [(0.940349284084106,2.6809876860160884), (1.140349284084106,2.6809876860160884), (1.140349284084106,2.8809876860160886), (0.940349284084106,2.8809876860160886)] & [(3.1407973691833595,0.18242500625506114), (3.3407973691833597,0.18242500625506114), (3.3407973691833597,0.38242500625506115), (3.1407973691833595,0.38242500625506115)] & [(2.602454883341628,2.4603939465278724), (2.8024548833416283,2.4603939465278724), (2.8024548833416283,2.6603939465278725), (2.602454883341628,2.6603939465278725)] & [(5.632394983819349,0.02392039722438433), (5.832394983819349,0.02392039722438433), (5.832394983819349,0.22392039722438434), (5.632394983819349,0.22392039722438434)] & [(4.31521770859333,2.672966446384019), (4.5152177085933305,2.672966446384019), (4.5152177085933305,2.872966446384019), (4.31521770859333,2.872966446384019)]
t: [(0.9414612390743465,0), (1.6414612390743466,0), (1.6414612390743466,0.49138828086101105), (0.9414612390743465,0.49138828086101105)] & [(0.20166339325125318,2.4167992848139654), (0.9016633932512531,2.4167992848139654), (0.9016633932512531,2.9167992848139654), (0.20166339325125318,2.9167992848139654)] & [(2.0816145182366697,0.09940016608353874), (2.78161451823667,0.09940016608353874), (2.78161451823667,0.5994001660835387), (2.0816145182366697,0.5994001660835387)] & [(3.513719243883686,2.366916020051804), (4.013719243883686,2.366916020051804), (4.013719243883686,3.066916020051804), (3.513719243883686,3.066916020051804)] & [(4.7712280700927625,0), (5.271228070092762,0), (5.271228070092762,0.6007507501517266), (4.7712280700927625,0.6007507501517266)] & [(4.450193159024708,2.4145707269055645), (5.150193159024707,2.4145707269055645), (5.150193159024707,2.9145707269055645), (4.450193159024708,2.9145707269055645)]
