h: [(0,1), (6,1), (6,2), (0,2)]
r1: [(0,0), (2,0), (2,1), (0,1)]
r2: [(0,2), (2,2), (2,3), (0,3)]
r3: [(2,0), (4,0), (4,1), (2,1)]
r4: [(2,2), (4,2), (4,3), (2,3)]
r5: [(4,0), (6,0), (6,1), (4,1)]
r6: [(4,2), (6,2), (6,3), (4,3)]
b: [(0.765549485674472,0.10863759087125757), (0.965549485674472,0.10863759087125757), (0.965549485674472,0.3086375908712576), (0.765549485674472,0.3086375908712576)] & [(0.6190540942674612,2.670624621479809), (0.8190540942674611,2.670624621479809), (0.8190540942674611,2.8706246214798092), (0.6190540942674612,2.8706246214798092)] & [(3.386832459718076,0.07357510955944148), (3.5868324597180763,0.07357510955944148), (3.5868324597180763,0.2735751095594415), (3.386832459718076,0.2735751095594415)] & [(3.1520293561036867,2.455462058487943), (3.352029356103687,2.455462058487943), (3.352029356103687,2.6554620584879434), (3.1520293561036867,2.6554620584879434)] & [(5.225938689280972,0.007389916226423428), (5.425938689280972,0.007389916226423428), (5.425938689280972,0.20738991622642344), (5.225938689280972,0.20738991622642344)] & [(4.861956277064007,2.4884576152366056), (5.061956277064007,2.4884576152366056), (5.061956277064007,2.6884576152366058), (4.861956277064007,2.6884576152366058)]
t: [(0.12429528861020864,0), (0.8242952886102086,0), (0.8242952886102086,0.48591741363948326), (0.12429528861020864,0.48591741363948326)] & [(0.8020721818852151,2.460278604913877), (1.5020721818852152,2.460278604913877), (1.5020721818852152,2.960278604913877), (0.8020721818852151,2.960278604913877)] & [(2.5300295322791624,0.0057070454651252656), (3.2300295322791626,0.0057070454651252656), (3.2300295322791626,0.5057070454651252), (2.5300295322791624,0.5057070454651252)] & [(2.405145033718173,2.476587180023103), (3.105145033718173,2.476587180023103), (3.105145033718173,2.976587180023103), (2.405145033718173,2.976587180023103)] & [(4.580920781180385,0), (5.080920781180384,0), (5.080920781180384,0.6414459821784263), (4.580920781180385,0.6414459821784263)] & [(5.574388795572089,2.395657805141416), (6.074388795572088,2.395657805141416), (6.074388795572088,3.0956578051414163), (5.574388795572089,3.0956578051414163)]
