h: [(0,1), (6,1), (6,2), (0,2)]
r1: [(0,0), (2,0), (2,1), (0,1)]
r2: [(0,2), (2,2), (2,3), (0,3)]
r3: [(2,0), (4,0), (4,1), (2,1)]
r4: [(2,2), (4,2), (4,3), (2,3)]
r5: [(4,0), (6,0), (6,1), (4,1)]
r6: [(4,2), (6,2), (6,3), (4,3)]
b: [(0.32679529594769424,0.014038276905368175), (0.5267952959476943,0.014038276905368175), (0.5267952959476943,0.2140382769053682), (0.32679529594769424,0.2140382769053682)] & [(1.0447738474295785,2.4663778844776068), (1.2447738474295784,2.4663778844776068), (1.2447738474295784,2.666377884477607), (1.0447738474295785,2.666377884477607)] & [(3.4358665735939615,0.20432844789301075), (3.6358665735939617,0.20432844789301075), (3.6358665735939617,0.40432844789301076), (3.4358665735939615,0.40432844789301076)] & [(2.09561300946159,2.5620522696233774), (2.29561300946159,2.5620522696233774), (2.29561300946159,2.7620522696233776), (2.09561300946159,2.7620522696233776)] & [(5.199892265480386,0.0124618967076299), (5.3998922654803865,0.0124618967076299), (5.3998922654803865,0.2124618967076299), (5.199892265480386,0.2124618967076299)] & [(4.696535279509082,2.641663309738773), (4.896535279509082,2.641663309738773), (4.896535279509082,2.8416633097387733), (4.696535279509082,2.8416633097387733)]
t: [(0.7196483208105042,0), (1.2196483208105042,0), (1.2196483208105042,0.6239359115382985), (0.7196483208105042,0.6239359115382985)] & [(0.08041764160414083,2.350911130766501), (0.5804176416041408,2.350911130766501), (0.5804176416041408,3.0509111307665013), (0.08041764160414083,3.0509111307665013)] & [(2.1301666781922486,0), (2.8301666781922488,0), (2.8301666781922488,0.49767706210040497), (2.1301666781922486,0.49767706210040497)] & [(2.624273462656873,2.377384610314221), (3.324273462656873,2.377384610314221), (3.324273462656873,2.877384610314221), (2.624273462656873,2.877384610314221)] & [(4.299168720023201,0), (4.7991687200232,0), (4.7991687200232,0.6458255393697675), (4.299168720023201,0.6458255393697675)] & [(3.9895028330387032,2.4153256013187345), (4.689502833038703,2.4153256013187345), (4.689502833038703,2.9153256013187345), (3.9895028330387032,2.9153256013187345)]
