h: [(0,1), (6,1), (6,2), (0,2)]
r1: [(0,0), (2,0), (2,1), (0,1)]
r2: [(0,2), (2,2), (2,3), (0,3)]
r3: [(2,0), (4,0), (4,1), (2,1)]
r4: [(2,2), (4,2), (4,3), (2,3)]
r5: [(4,0), (6,0), (6,1), (4,1)]
r6: [(4,2), (6,2), (6,3), (4,3)]
b: [(0.9102301780645498,0.032808354395178624), (1.1102301780645498,0.032808354395178624), (1.1102301780645498,0.23280835439517863), (0.9102301780645498,0.23280835439517863)] & [(0.1511812589782053,2.634180167212106), (0.3511812589782053,2.634180167212106), (0.3511812589782053,2.8341801672121063), (0.1511812589782053,2.8341801672121063)] & [(3.029938861311801,0.010079601868820285), (3.229938861311801,0.010079601868820285), (3.229938861311801,0.2100796018688203), (3.029938861311801,0.2100796018688203)] & [(2.750734484840192,2.6150521561089777), (2.950734484840192,2.6150521561089777), (2.950734484840192,2.815052156108978), (2.750734484840192,2.815052156108978)] & [(4.506122802382768,0.18427760974404034), (4.706122802382768,0.18427760974404034), (4.706122802382768,0.38427760974404035), (4.506122802382768,0.38427760974404035)] & [(5.2317843929254515,2.6348403148279362), (5.431784392925452,2.6348403148279362), (5.431784392925452,2.8348403148279364), (5.2317843929254515,2.8348403148279364)]
t: [(0,0), (0.44885801916351864,0), (0.44885801916351864,0.6388362586637023), (0,0.6388362586637023)] & [(0.5272211595768165,2.576258598385689), (1.2272211595768165,2.576258598385689), (1.2272211595768165,3.076258598385689), (0.5272211595768165,3.076258598385689)] & [(2.5441507248032638,0), (3.0441507248032638,0), (3.0441507248032638,0.6044736181006372), (2.5441507248032638,0.6044736181006372)] & [(3.216052639179889,2.380712221752555), (3.916052639179889,2.380712221752555), (3.916052639179889,2.880712221752555), (3.216052639179889,2.880712221752555)] & [(5.356251721156095,0.05441498468096048), (6.0562517211560944,0.05441498468096048), (6.0562517211560944,0.5544149846809605), (5.356251721156095,0.5544149846809605)] & [(4.402983845870464,2.3555831069357414), (5.1029838458704635,2.3555831069357414), (5.1029838458704635,2.8555831069357414), (4.402983845870464,2.8555831069357414)]
