h: [(0,1), (6,1), (6,2), (0,2)]
r1: [(0,0), (2,0), (2,1), (0,1)]
r2: [(0,2), (2,2), (2,3), (0,3)]
r3: [(2,0), (4,0), (4,1), (2,1)]
r4: [(2,2), (4,2), (4,3), (2,3)]
r5: [(4,0), (6,0), (6,1), (4,1)]
r6: [(4,2), (6,2), (6,3), (4,3)]
b: [(1.2096250880804071,0.009107856586184945), (1.409625088080407,0.009107856586184945), (1.409625088080407,0.20910785658618497), (1.2096250880804071,0.20910785658618497)] & [(1.4490407391968905,2.4575918267976102), (1.6490407391968904,2.4575918267976102), (1.6490407391968904,2.6575918267976104), (1.4490407391968905,2.6575918267976104)] & [(2.4871120929866875,0.10305713996566881), (2.6871120929866876,0.10305713996566881), (2.6871120929866876,0.30305713996566885), (2.4871120929866875,0.30305713996566885)] & [(3.6334973466323808,2.4569935255525786), (3.833497346632381,2.4569935255525786), (3.833497346632381,2.6569935255525787), (3.6334973466323808,2.6569935255525787)] & [(5.093399645465052,0.02030820476399696), (5.293399645465052,0.02030820476399696), (5.293399645465052,0.22030820476399698), (5.093399645465052,0.22030820476399698)] & [(4.069431243766141,2.454591276233541), (4.2694312437661415,2.454591276233541), (4.2694312437661415,2.6545912762335413), (4.069431243766141,2.6545912762335413)]
t: [(0.007454317714950323,0), (0.5074543177149503,0), (0.5074543177149503,0.6039974688274901), (0.007454317714950323,0.6039974688274901)] & [(0.04946845700248387,2.3909827418388576), (0.5494684570024838,2.3909827418388576), (0.5494684570024838,3.090982741838858), (0.04946845700248387,3.090982741838858)] & [(2.8199233470017946,0.027096880846136207), (3.5199233470017948,0.027096880846136207), (3.5199233470017948,0.5270968808461362), (2.8199233470017946,0.5270968808461362)] & [(2.2878195564769674,2.3617363865451773), (2.7878195564769674,2.3617363865451773), (2.7878195564769674,3.0617363865451774), (2.2878195564769674,3.0617363865451774)] & [(4.171136460780502,0), (4.6711364607805015,0), (4.6711364607805015,0.627150745085215), (4.171136460780502,0.627150745085215)] & [(4.187270631307861,2.395712858582884), (4.68727063130786,2.395712858582884), (4.68727063130786,3.095712858582884), (4.187270631307861,3.095712858582884)]
