h: [(0,1), (6,1), (6,2), (0,2)]
r1: [(0,0), (2,0), (2,1), (0,1)]
r2: [(0,2), (2,2), (2,3), (0,3)]
r3: [(2,0), (4,0), (4,1), (2,1)]
r4: [(2,2), (4,2), (4,3), (2,3)]
r5: [(4,0), (6,0), (6,1), (4,1)]
r6: [(4,2), (6,2), (6,3), (4,3)]
b: [(1.3958992339058267,0.017713013418929568), (1.5958992339058267,0.017713013418929568), (1.5958992339058267,0.21771301341892957), (1.3958992339058267,0.21771301341892957)] & [(0.4395267527679025,2.616197144202338), (0.6395267527679025,2.616197144202338), (0.6395267527679025,2.8161971442023384), (0.4395267527679025,2.8161971442023384)] & [(3.3474754747884776,0.020831141759765085), (3.547475474788478,0.020831141759765085), (3.547475474788478,0.2208311417597651), (3.3474754747884776,0.2208311417597651)] & [(2.976206467906622,2.534107206697519), (3.176206467906622,2.534107206697519), (3.176206467906622,2.7341072066975194), (2.976206467906622,2.7341072066975194)] & [(4.748932139468241,0.014841749016990393), (4.9489321394682415,0.014841749016990393), (4.9489321394682415,0.2148417490169904), (4.748932139468241,0.2148417490169904)] & [(4.845017000905788,2.5186709737998725), (5.045017000905788,2.5186709737998725), (5.045017000905788,2.7186709737998727), (4.845017000905788,2.7186709737998727)]
t: [(0.7131125570465866,0), (1.2131125570465866,0), (1.2131125570465866,0.6340434326014597), (0.7131125570465866,0.6340434326014597)] & [(1.1676507759857135,2.4801921977889827), (1.8676507759857137,2.4801921977889827), (1.8676507759857137,2.9801921977889827), (1.1676507759857135,2.9801921977889827)] & [(2.6970394591103997,0), (3.3970394591104,0), (3.3970394591104,0.45211275925586636), (2.6970394591103997,0.45211275925586636)] & [(3.0976217166533377,2.438240455252651), (3.797621716653338,2.438240455252651), (3.797621716653338,2.938240455252651), (3.0976217166533377,2.938240455252651)] & [(5.0114799556800005,0), (5.51147995568,0), (5.51147995568,0.6268215914805781), (5.0114799556800005,0.6268215914805781)] & [(5.109367492708714,2.39618302545114), (5.809367492708713,2.39618302545114), (5.809367492708713,2.89618302545114), (5.109367492708714,2.89618302545114)]
