h: [(0,1), (6,1), (6,2), (0,2)]
r1: [(0,0), (2,0), (2,1), (0,1)]
r2: [(0,2), (2,2), (2,3), (0,3)]
r3: [(2,0), (4,0), (4,1), (2,1)]
r4: [(2,2), (4,2), (4,3), (2,3)]
r5: [(4,0), (6,0), (6,1), (4,1)]
r6: [(4,2), (6,2), (6,3), (4,3)]
b: [(0.2599511821411435,0.016145051224454407), (0.4599511821411435,0.016145051224454407), (0.4599511821411435,0.21614505122445443), (0.2599511821411435,0.21614505122445443)] & [(1.2834265903955497,2.614025822745428), (1.4834265903955497,2.614025822745428), (1.4834265903955497,2.8140258227454282), (1.2834265903955497,2.8140258227454282)] & [(2.3262495885388192,0.0035765886960686397), (2.5262495885388194,0.0035765886960686397), (2.5262495885388194,0.20357658869606865), (2.3262495885388192,0.20357658869606865)] & [(2.4970357564158507,2.69195533422664), (2.697035756415851,2.69195533422664), (2.697035756415851,2.89195533422664), (2.4970357564158507,2.89195533422664)] & [(4.690182738615024,0.04626233813386801), (4.8901827386150245,0.04626233813386801), (4.8901827386150245,0.24626233813386803), (4.690182738615024,0.24626233813386803)] & [(4.520361279625395,2.452109908853362), (4.720361279625395,2.452109908853362), (4.720361279625395,2.652109908853362), (4.520361279625395,2.652109908853362)]
t: [(0.7831627126263896,0), (1.2831627126263896,0), (1.2831627126263896,0.6287441059612409), (0.7831627126263896,0.6287441059612409)] & [(0,2.530080232461658), (0.6166983184664077,2.530080232461658), (0.6166983184664077,3.030080232461658), (0,3.030080232461658)] & [(3.264222098321576,0), (3.964222098321576,0), (3.964222098321576,0.42730435738909), (3.264222098321576,0.42730435738909)] & [(3.001025745695026,2.5124682471727393), (3.701025745695026,2.5124682471727393), (3.701025745695026,3.0124682471727393), (3.001025745695026,3.0124682471727393)] & [(4.984056786317554,0), (5.484056786317553,0), (5.484056786317553,0.6228472285496442), (4.984056786317554,0.6228472285496442)] & [(5.276002595388802,2.358396637593127), (5.7760025953888015,2.358396637593127), (5.7760025953888015,3.0583966375931273), (5.276002595388802,3.0583966375931273)]
