h: [(0,1), (6,1), (6,2), (0,2)]
r1: [(0,0), (2,0), (2,1), (0,1)]
r2: [(0,2), (2,2), (2,3), (0,3)]
r3: [(2,0), (4,0), (4,1), (2,1)]
r4: [(2,2), (4,2), (4,3), (2,3)]
r5: [(4,0), (6,0), (6,1), (4,1)]
r6: [(4,2), (6,2), (6,3), (4,3)]
b: [(0.8971478708627985,0.04388058409883653), (1.0971478708627984,0.04388058409883653), (1.0971478708627984,0.24388058409883653), (0.8971478708627985,0.24388058409883653)] & [(0.7567838604354375,2.4953144546886743), (0.9567838604354375,2.4953144546886743), (0.9567838604354375,2.6953144546886745), (0.7567838604354375,2.6953144546886745)] & [(2.6349892642402866,0.006154391462857556), (2.8349892642402867,0.006154391462857556), (2.8349892642402867,0.20615439146285758), (2.6349892642402866,0.20615439146285758)] & [(3.564373549937499,2.46246333597319), (3.764373549937499,2.46246333597319), (3.764373549937499,2.66246333597319), (3.564373549937499,2.66246333597319)] & [(4.466085444544954,0.17935194084743333), (4.666085444544954,0.17935194084743333), (4.666085444544954,0.37935194084743334), (4.466085444544954,0.37935194084743334)] & [(4.053314781543929,2.4510516462956935), (4.25331478154393,2.4510516462956935), (4.25331478154393,2.6510516462956937), (4.053314781543929,2.6510516462956937)]
t: [(0,0.07934415242040141), (0.6198147950211736,0.07934415242040141), (0.6198147950211736,0.5793441524204014), (0,0.5793441524204014)] & [(1.2426422587096049,2.3875143680186572), (1.742642258709605,2.3875143680186572), (1.742642258709605,3.0875143680186574), (1.2426422587096049,3.0875143680186574)] & [(3.005929134622636,0), (3.505929134622636,0), (3.505929134622636,0.632048807658364), (3.005929134622636,0.632048807658364)] & [(2.581778442031566,2.3709488577704554), (3.081778442031566,2.3709488577704554), (3.081778442031566,3.0709488577704556), (2.581778442031566,3.0709488577704556)] & [(5.0982980059307685,0), (5.798298005930768,0), (5.798298005930768,0.4652378144366409), (5.0982980059307685,0.4652378144366409)] & [(5.000197700530924,2.395446714473053), (5.500197700530923,2.395446714473053), (5.500197700530923,3.095446714473053), (5.000197700530924,3.095446714473053)]
