h: [(0,1), (6,1), (6,2), (0,2)]
r1: [(0,0), (2,0), (2,1), (0,1)]
r2: [(0,2), (2,2), (2,3), (0,3)]
r3: [(2,0), (4,0), (4,1), (2,1)]
r4: [(2,2), (4,2), (4,3), (2,3)]
r5: [(4,0), (6,0), (6,1), (4,1)]
r6: [(4,2), (6,2), (6,3), (4,3)]
b: [(1.6328117300374763,0.019286211666541642), (1.8328117300374762,0.019286211666541642), (1.8328117300374762,0.21928621166654166), (1.6328117300374763,0.21928621166654166)] & [(1.0179586705134667,2.5366163454217636), (1.2179586705134666,2.5366163454217636), (1.2179586705134666,2.736616345421764), (1.0179586705134667,2.736616345421764)] & [(3.0679760772571654,0.013327094070601349), (3.2679760772571655,0.013327094070601349), (3.2679760772571655,0.21332709407060135), (3.0679760772571654,0.21332709407060135)] & [(2.7945286232112014,2.515902664065794), (2.9945286232112016,2.515902664065794), (2.9945286232112016,2.715902664065794), (2.7945286232112014,2.715902664065794)] & [(4.267863864588114,0.08320298331871652), (4.467863864588114,0.08320298331871652), (4.467863864588114,0.2832029833187165), (4.267863864588114,0.2832029833187165)] & [(5.103969033470399,2.5246728464421433), (5.303969033470399,2.5246728464421433), (5.303969033470399,2.7246728464421435), (5.103969033470399,2.7246728464421435)]
t: [(0.1619032876713636,0), (0.6619032876713636,0), (0.6619032876713636,0.6397373292853477), (0.1619032876713636,0.6397373292853477)] & [(1.1864425655673825,2.5079084722417093), (1.8864425655673827,2.5079084722417093), (1.8864425655673827,3.0079084722417093), (1.1864425655673825,3.0079084722417093)] & [(2.6554584616531502,0), (3.1554584616531502,0), (3.1554584616531502,0.6164667660487635), (2.6554584616531502,0.6164667660487635)] & [(2.173420673543591,2.4665012858311535), (2.873420673543591,2.4665012858311535), (2.873420673543591,2.9665012858311535), (2.173420673543591,2.9665012858311535)] & [(4.707504002140917,0.044284970114629785), (5.407504002140916,0.044284970114629785), (5.407504002140916,0.5442849701146297), (4.707504002140917,0.5442849701146297)] & [(4.343166074575631,2.513547364978358), (5.04316607457563,2.513547364978358), (5.04316607457563,3.013547364978358), (4.343166074575631,3.013547364978358)]
