h: [(0,1), (6,1), (6,2), (0,2)]
r1: [(0,0), (2,0), (2,1), (0,1)]
r2: [(0,2), (2,2), (2,3), (0,3)]
r3: [(2,0), (4,0), (4,1), (2,1)]
r4: [(2,2), (4,2), (4,3), (2,3)]
r5: [(4,0), (6,0), (6,1), (4,1)]
r6: [(4,2), (6,2), (6,3), (4,3)]
b: [(1.3667861470894973,0.10285271954285566), (1.5667861470894973,0.10285271954285566), (1.5667861470894973,0.30285271954285564), (1.3667861470894973,0.30285271954285564)] & [(0.08257903050073578,2.593887485414301), (0.2825790305007358,2.593887485414301), (0.2825790305007358,2.793887485414301), (0.08257903050073578,2.793887485414301)] & [(2.125787557167439,0.08059821074123887), (2.3257875571674393,0.08059821074123887), (2.3257875571674393,0.28059821074123886), (2.125787557167439,0.28059821074123886)] & [(2.0978645947032444,2.477545701859189), (2.2978645947032446,2.477545701859189), (2.2978645947032446,2.6775457018591893), (2.0978645947032444,2.6775457018591893)] & [(4.474470614845826,0.0145370698339594), (4.674470614845826,0.0145370698339594), (4.674470614845826,0.2145370698339594), (4.474470614845826,0.2145370698339594)] & [(4.938826345477333,2.4991850899039196), (5.138826345477333,2.4991850899039196), (5.138826345477333,2.69918508990392), (4.938826345477333,2.69918508990392)]
t: [(0.17538844399265893,0.011280856666018413), (0.8753884439926589,0.011280856666018413), (0.8753884439926589,0.5112808566660184), (0.17538844399265893,0.5112808566660184)] & [(0.7231904685441877,2.4065546499938257), (1.4231904685441878,2.4065546499938257), (1.4231904685441878,2.9065546499938257), (0.7231904685441877,2.9065546499938257)] & [(2.475872930327833,0.06310067000301772), (3.175872930327833,0.06310067000301772), (3.175872930327833,0.5631006700030177), (2.475872930327833,0.5631006700030177)] & [(3.2454892116391822,2.3941197304190793), (3.7454892116391822,2.3941197304190793), (3.7454892116391822,3.0941197304190795), (3.2454892116391822,3.0941197304190795)] & [(4.5890727855256905,0), (5.08907278552569,0), (5.08907278552569,0.6325926555589053), (4.5890727855256905,0.6325926555589053)] & [(4.174278986470624,2.393266540538939), (4.674278986470623,2.393266540538939), (4.674278986470623,3.0932665405389392), (4.174278986470624,3.0932665405389392)]
