h: [(0,1), (6,1), (6,2), (0,2)]
r1: [(0,0), (2,0), (2,1), (0,1)]
r2: [(0,2), (2,2), (2,3), (0,3)]
r3: [(2,0), (4,0), (4,1), (2,1)]
r4: [(2,2), (4,2), (4,3), (2,3)]
r5: [(4,0), (6,0), (6,1), (4,1)]
r6: [(4,2), (6,2), (6,3), (4,3)]
b: [(0.7223141305521353,0.031144490450955638), (0.9223141305521354,0.031144490450955638), (0.9223141305521354,0.23114449045095564), (0.7223141305521353,0.23114449045095564)] & [(1.2307446937298343,2.6138078457475973), (1.4307446937298343,2.6138078457475973), (1.4307446937298343,2.8138078457475975), (1.2307446937298343,2.8138078457475975)] & [(2.187372545599288,0.015523529653515448), (2.387372545599288,0.015523529653515448), (2.387372545599288,0.21552352965351546), (2.187372545599288,0.21552352965351546)] & [(2.178191466245299,2.485540204739815), (2.378191466245299,2.485540204739815), (2.378191466245299,2.6855402047398154), (2.178191466245299,2.6855402047398154)] & [(5.460730762759435,0.07501298697639609), (5.660730762759435,0.07501298697639609), (5.660730762759435,0.2750129869763961), (5.460730762759435,0.2750129869763961)] & [(5.290829878531133,2.4564469450105766), (5.490829878531133,2.4564469450105766), (5.490829878531133,2.6564469450105768), (5.290829878531133,2.6564469450105768)]
t: [(0.12546035989040843,0), (0.6254603598904084,0), (0.6254603598904084,0.6013222127636357), (0.12546035989040843,0.6013222127636357)] & [(0.0037005644066790827,2.369990514201998), (0.703700564406679,2.369990514201998), (0.703700564406679,2.869990514201998), (0.0037005644066790827,2.869990514201998)] & [(3.342167168729154,0.13521857971106702), (4.042167168729154,0.13521857971106702), (4.042167168729154,0.635218579711067), (3.342167168729154,0.635218579711067)] & [(2.9950495625063422,2.3945467327863854), (3.4950495625063422,2.3945467327863854), (3.4950495625063422,3.0945467327863856), (2.9950495625063422,3.0945467327863856)] & [(4.594485543704489,0), (5.294485543704488,0), (5.294485543704488,0.45476991518130916), (4.594485543704489,0.45476991518130916)] & [(4.477925306964135,2.4901798758103904), (5.177925306964134,2.4901798758103904), (5.177925306964134,2.9901798758103904), (4.477925306964135,2.9901798758103904)]
