h: [(0,1), (6,1), (6,2), (0,2)]
r1: [(0,0), (2,0), (2,1), (0,1)]
r2: [(0,2), (2,2), (2,3), (0,3)]
r3: [(2,0), (4,0), (4,1), (2,1)]
r4: [(2,2), (4,2), (4,3), (2,3)]
r5: [(4,0), (6,0), (6,1), (4,1)]
r6: [(4,2), (6,2), (6,3), (4,3)]
b: [(1.632162497211146,0.04642301521935967), (1.8321624972111459,0.04642301521935967), (1.8321624972111459,0.24642301521935966), (1.632162497211146,0.24642301521935966)] & [(0.42264792952315355,2.4505339500366805), (0.6226479295231535,2.4505339500366805), (0.6226479295231535,2.6505339500366807), (0.42264792952315355,2.6505339500366807)] & [(2.6715317370254086,0.1296890178716871), (2.8715317370254088,0.1296890178716871), (2.8715317370254088,0.32968901787168714), (2.6715317370254086,0.32968901787168714)] & [(2.6545857604058654,2.467201699121057), (2.8545857604058655,2.467201699121057), (2.8545857604058655,2.667201699121057), (2.6545857604058654,2.667201699121057)] & [(5.146531688946296,0.01868482512916627), (5.346531688946296,0.01868482512916627), (5.346531688946296,0.2186848251291663), (5.146531688946296,0.2186848251291663)] & [(5.1194180538614305,2.474066910172924), (5.319418053861431,2.474066910172924), (5.319418053861431,2.674066910172924), (5.1194180538614305,2.674066910172924)]
t: [(1.0989771574337832,0), (1.5989771574337834,0), (1.5989771574337834,0.6306734662197853), (1.0989771574337832,0.6306734662197853)] & [(1.2175836500937107,2.375170021940209), (1.717583650093711,2.375170021940209), (1.717583650093711,3.075170021940209), (1.2175836500937107,3.075170021940209)] & [(2.787434110975213,0.07278532458041306), (3.4874341109752134,0.07278532458041306), (3.4874341109752134,0.5727853245804131), (2.787434110975213,0.5727853245804131)] & [(2.1592480425209786,2.357024715038459), (2.6592480425209786,2.357024715038459), (2.6592480425209786,3.0570247150384593), (2.1592480425209786,3.0570247150384593)] & [(4.406112492855183,0), (4.906112492855182,0), (4.906112492855182,0.6115051229376729), (4.406112492855183,0.6115051229376729)] & [(4.134313808619826,2.483603841901324), (4.834313808619825,2.483603841901324), (4.834313808619825,2.983603841901324), (4.134313808619826,2.983603841901324)]
