h: [(0,1), (6,1), (6,2), (0,2)]
r1: [(0,0), (2,0), (2,1), (0,1)]
r2: [(0,2), (2,2), (2,3), (0,3)]
r3: [(2,0), (4,0), (4,1), (2,1)]
r4: [(2,2), (4,2), (4,3), (2,3)]
r5: [(4,0), (6,0), (6,1), (4,1)]
r6: [(4,2), (6,2), (6,3), (4,3)]
b: [(1.62144904504791,0.01711859956785473), (1.82144904504791,0.01711859956785473), (1.82144904504791,0.21711859956785473), (1.62144904504791,0.21711859956785473)] & [(0.8043321813952069,2.4713239874295407), (1.0043321813952069,2.4713239874295407), (1.0043321813952069,2.671323987429541), (0.8043321813952069,2.671323987429541)] & [(2.6652708086663663,0.03624871944040498), (2.8652708086663665,0.03624871944040498), (2.8652708086663665,0.236248719440405), (2.6652708086663663,0.236248719440405)] & [(2.994314994064597,2.4930333110236167), (3.194314994064597,2.4930333110236167), (3.194314994064597,2.693033311023617), (2.994314994064597,2.693033311023617)] & [(4.336865059094236,0.018658661777247038), (4.536865059094236,0.018658661777247038), (4.536865059094236,0.21865866177724705), (4.336865059094236,0.21865866177724705)] & [(4.635731115248355,2.5266644992317357), (4.835731115248355,2.5266644992317357), (4.835731115248355,2.726664499231736), (4.635731115248355,2.726664499231736)]
t: [(0.9541100310644403,0), (1.4541100310644404,0), (1.4541100310644404,0.6232867272022903), (0.9541100310644403,0.6232867272022903)] & [(1.2512240896966633,2.3584042865240433), (1.7512240896966635,2.3584042865240433), (1.7512240896966635,3.0584042865240435), (1.2512240896966633,3.0584042865240435)] & [(2.0638675787159495,0), (2.7638675787159497,0), (2.7638675787159497,0.44010421819365575), (2.0638675787159495,0.44010421819365575)] & [(2.2672033951415607,2.393128627115462), (2.7672033951415607,2.393128627115462), (2.7672033951415607,3.0931286271154623), (2.2672033951415607,3.0931286271154623)] & [(4.454370089063716,0), (4.9543700890637155,0), (4.9543700890637155,0.6175754419025998), (4.454370089063716,0.6175754419025998)] & [(5.248499669216769,2.4182916126965837), (5.948499669216768,2.4182916126965837), (5.948499669216768,2.9182916126965837), (5.248499669216769,2.9182916126965837)]
