h: [(0,1), (6,1), (6,2), (0,2)]
r1: [(0,0), (2,0), (2,1), (0,1)]
r2: [(0,2), (2,2), (2,3), (0,3)]
r3: [(2,0), (4,0), (4,1), (2,1)]
r4: [(2,2), (4,2), (4,3), (2,3)]
r5: [(4,0), (6,0), (6,1), (4,1)]
r6: [(4,2), (6,2), (6,3), (4,3)]
b: [(0.6024083000334458,0.09181598895749903), (0.8024083000334459,0.09181598895749903), (0.8024083000334459,0.29181598895749905), (0.6024083000334458,0.29181598895749905)] & [(0.8353310548604683,2.628729798861723), (1.0353310548604684,2.628729798861723), (1.0353310548604684,2.828729798861723), (0.8353310548604683,2.828729798861723)] & [(2.4348111474831153,0.05638203596391432), (2.6348111474831155,0.05638203596391432), (2.6348111474831155,0.25638203596391435), (2.4348111474831153,0.25638203596391435)] & [(2.313350143398714,2.628175067933132), (2.513350143398714,2.628175067933132), (2.513350143398714,2.8281750679331323), (2.313350143398714,2.8281750679331323)] & [(4.079221365718865,0.032435782475463935), (4.279221365718866,0.032435782475463935), (4.279221365718866,0.23243578247546395), (4.079221365718865,0.23243578247546395)] & [(4.617793707598648,2.476395440750248), (4.817793707598648,2.476395440750248), (4.817793707598648,2.676395440750248), (4.617793707598648,2.676395440750248)]
t: [(0.9264625476542988,0.0616520429954778), (1.6264625476542989,0.0616520429954778), (1.6264625476542989,0.5616520429954778), (0.9264625476542988,0.5616520429954778)] & [(1.1522884758090794,2.355105208615378), (1.8522884758090796,2.355105208615378), (1.8522884758090796,2.855105208615378), (1.1522884758090794,2.855105208615378)] & [(2.7193931138741214,0), (3.4193931138741216,0), (3.4193931138741216,0.4509497519533623), (2.7193931138741214,0.4509497519533623)] & [(3.075025333763873,2.427453170367295), (3.7750253337638733,2.427453170367295), (3.7750253337638733,2.927453170367295), (3.075025333763873,2.927453170367295)] & [(5.213417510927026,0), (5.713417510927025,0), (5.713417510927025,0.6483772164951587), (5.213417510927026,0.6483772164951587)] & [(3.9771806885264573,2.359408612908671), (4.477180688526457,2.359408612908671), (4.477180688526457,3.0594086129086713), (3.9771806885264573,3.0594086129086713)]
