h: [(0,1), (6,1), (6,2), (0,2)]
r1: [(0,0), (2,0), (2,1), (0,1)]
r2: [(0,2), (2,2), (2,3), (0,3)]
r3: [(2,0), (4,0), (4,1), (2,1)]
r4: [(2,2), (4,2), (4,3), (2,3)]
r5: [(4,0), (6,0), (6,1), (4,1)]
r6: [(4,2), (6,2), (6,3), (4,3)]
b: [(1.316464674223429,0.1814495468912821), (1.516464674223429,0.1814495468912821), (1.516464674223429,0.3814495468912821), (1.316464674223429,0.3814495468912821)] & [(1.3141162271413787,2.4531599561287063), (1.5141162271413786,2.4531599561287063), (1.5141162271413786,2.6531599561287065), (1.3141162271413787,2.6531599561287065)] & [(3.177815152858833,0.02854044127036223), (3.377815152858833,0.02854044127036223), (3.377815152858833,0.22854044127036224), (3.177815152858833,0.22854044127036224)] & [(3.3657068013899654,2.4990161146241485), (3.5657068013899655,2.4990161146241485), (3.5657068013899655,2.6990161146241487), (3.3657068013899654,2.6990161146241487)] & [(4.110427676665046,0.010087023082591044), (4.3104276766650464,0.010087023082591044), (4.3104276766650464,0.21008702308259106), (4.110427676665046,0.21008702308259106)] & [(4.751912792317846,2.4547795611070766), (4.951912792317846,2.4547795611070766), (4.951912792317846,2.654779561107077), (4.751912792317846,2.654779561107077)]
t: [(0.024065736633665152,0.08989088303821902), (0.7240657366336651,0.08989088303821902), (0.7240657366336651,0.589890883038219), (0.024065736633665152,0.589890883038219)] & [(0.4771800612511483,2.376109834786034), (0.9771800612511482,2.376109834786034), (0.9771800612511482,3.0761098347860343), (0.4771800612511483,3.0761098347860343)] & [(2.486516139371338,0), (2.986516139371338,0), (2.986516139371338,0.6285114697421592), (2.486516139371338,0.6285114697421592)] & [(2.8807945255071226,2.351936168376491), (3.3807945255071226,2.351936168376491), (3.3807945255071226,3.0519361683764914), (2.8807945255071226,3.0519361683764914)] & [(5.1356652387731305,0), (5.63566523877313,0), (5.63566523877313,0.6174926877774117), (5.1356652387731305,0.6174926877774117)] & [(4.879301716175358,2.578182321412847), (5.579301716175357,2.578182321412847), (5.579301716175357,3.078182321412847), (4.879301716175358,3.078182321412847)]
