h: [(0,1), (6,1), (6,2), (0,2)]
r1: [(0,0), (2,0), (2,1), (0,1)]
r2: [(0,2), (2,2), (2,3), (0,3)]
r3: [(2,0), (4,0), (4,1), (2,1)]
r4: [(2,2), (4,2), (4,3), (2,3)]
r5: [(4,0), (6,0), (6,1), (4,1)]
r6: [(4,2), (6,2), (6,3), (4,3)]
b: [(1.3004800825415943,0.19351027431300052), (1.5004800825415943,0.19351027431300052), (1.5004800825415943,0.39351027431300056), (1.3004800825415943,0.39351027431300056)] & [(1.2752424716314013,2.6845310788044148), (1.4752424716314012,2.6845310788044148), (1.4752424716314012,2.884531078804415), (1.2752424716314013,2.884531078804415)] & [(2.510192400720374,0.23407175090286741), (2.7101924007203744,0.23407175090286741), (2.7101924007203744,0.4340717509028674), (2.510192400720374,0.4340717509028674)] & [(2.302114750640406,2.526558821069391), (2.502114750640406,2.526558821069391), (2.502114750640406,2.726558821069391), (2.302114750640406,2.726558821069391)] & [(4.732212633529848,0.046270244309867876), (4.932212633529848,0.046270244309867876), (4.932212633529848,0.24627024430986788), (4.732212633529848,0.24627024430986788)] & [(4.151149650096725,2.638706644732577), (4.351149650096725,2.638706644732577), (4.351149650096725,2.8387066447325773), (4.151149650096725,2.8387066447325773)]
t: [(0.282399387113659,0), (0.9823993871136589,0), (0.9823993871136589,0.4108333663023028), (0.282399387113659,0.4108333663023028)] & [(0.3233212690336691,2.557070296113937), (1.023321269033669,2.557070296113937), (1.023321269033669,3.057070296113937), (0.3233212690336691,3.057070296113937)] & [(2.804432175848175,0), (3.504432175848175,0), (3.504432175848175,0.47737201955350317), (2.804432175848175,0.47737201955350317)] & [(3.3190442886541476,2.4960093953838367), (4.019044288654148,2.4960093953838367), (4.019044288654148,2.9960093953838367), (3.3190442886541476,2.9960093953838367)] & [(4.8741550749277245,0.016840103522240107), (5.574155074927724,0.016840103522240107), (5.574155074927724,0.5168401035222401), (4.8741550749277245,0.5168401035222401)] & [(4.859531408652382,2.3827758949566964), (5.559531408652381,2.3827758949566964), (5.559531408652381,2.8827758949566964), (4.859531408652382,2.8827758949566964)]
