h: [(0,1), (6,1), (6,2), (0,2)]
r1: [(0,0), (2,0), (2,1), (0,1)]
r2: [(0,2), (2,2), (2,3), (0,3)]
r3: [(2,0), (4,0), (4,1), (2,1)]
r4: [(2,2), (4,2), (4,3), (2,3)]
r5: [(4,0), (6,0), (6,1), (4,1)]
r6: [(4,2), (6,2), (6,3), (4,3)]
b: [(1.0651306442439992,0.07940135710153041), (1.2651306442439991,0.07940135710153041), (1.2651306442439991,0.2794013571015304), (1.0651306442439992,0.2794013571015304)] & [(1.304455960491608,2.594449621625274), (1.504455960491608,2.594449621625274), (1.504455960491608,2.794449621625274), (1.304455960491608,2.794449621625274)] & [(3.122287330544243,0.17831102407474328), (3.3222873305442433,0.17831102407474328), (3.3222873305442433,0.37831102407474326), (3.122287330544243,0.37831102407474326)] & [(3.268685749851093,2.4959937973469857), (3.468685749851093,2.4959937973469857), (3.468685749851093,2.695993797346986), (3.268685749851093,2.695993797346986)] & [(4.1061975279406875,0.23212231251465185), (4.306197527940688,0.23212231251465185), (4.306197527940688,0.43212231251465183), (4.1061975279406875,0.43212231251465183)] & [(5.470795584305989,2.6951522203913925), (5.670795584305989,2.6951522203913925), (5.670795584305989,2.8951522203913926), (5.470795584305989,2.8951522203913926)]
t: [(0.35798842997240676,0.10320806098818242), (1.0579884299724067,0.10320806098818242), (1.0579884299724067,0.6032080609881824), (0.35798842997240676,0.6032080609881824)] & [(0.05064940767973891,2.5614375312127664), (0.7506494076797389,2.5614375312127664), (0.7506494076797389,3.0614375312127664), (0.05064940767973891,3.0614375312127664)] & [(3.237233300959369,0), (3.937233300959369,0), (3.937233300959369,0.44049243769453783), (3.237233300959369,0.44049243769453783)] & [(2.7410373893699593,2.3532292570384308), (3.2410373893699593,2.3532292570384308), (3.2410373893699593,3.053229257038431), (2.7410373893699593,3.053229257038431)] & [(4.693953835593923,0), (5.393953835593923,0), (5.393953835593923,0.4462340440163761), (4.693953835593923,0.4462340440163761)] & [(4.411697806781697,2.390182754065923), (5.111697806781696,2.390182754065923), (5.111697806781696,2.890182754065923), (4.411697806781697,2.890182754065923)]
