h: [(0,1), (6,1), (6,2), (0,2)]
r1: [(0,0), (2,0), (2,1), (0,1)]
r2: [(0,2), (2,2), (2,3), (0,3)]
r3: [(2,0), (4,0), (4,1), (2,1)]
r4: [(2,2), (4,2), (4,3), (2,3)]
r5: [(4,0), (6,0), (6,1), (4,1)]
r6: [(4,2), (6,2), (6,3), (4,3)]
b: [(0.30027235570500815,0.03969563522565121), (0.5002723557050082,0.03969563522565121), (0.5002723557050082,0.23969563522565124), (0.30027235570500815,0.23969563522565124)] & [(0.8983409578378414,2.4706784418750236), (1.0983409578378414,2.4706784418750236), (1.0983409578378414,2.670678441875024), (0.8983409578378414,2.670678441875024)] & [(3.3642723211984595,0.1420974906798032), (3.5642723211984597,0.1420974906798032), (3.5642723211984597,0.3420974906798032), (3.3642723211984595,0.3420974906798032)] & [(2.4489000186622008,2.5171965258864355), (2.648900018662201,2.5171965258864355), (2.648900018662201,2.7171965258864357), (2.4489000186622008,2.7171965258864357)] & [(4.434213515528583,0.04392280705286956), (4.634213515528583,0.04392280705286956), (4.634213515528583,0.24392280705286956), (4.434213515528583,0.24392280705286956)] & [(4.1974849701523445,2.4876638717170865), (4.397484970152345,2.4876638717170865), (4.397484970152345,2.6876638717170866), (4.1974849701523445,2.6876638717170866)]
t: [(0.4937390829624685,0), (0.9937390829624685,0), (0.9937390829624685,0.6042818996678911), (0.4937390829624685,0.6042818996678911)] & [(1.1921973656492044,2.5178082612597756), (1.8921973656492046,2.5178082612597756), (1.8921973656492046,3.0178082612597756), (1.1921973656492044,3.0178082612597756)] & [(2.681999202671893,0.13776887899508192), (3.381999202671893,0.13776887899508192), (3.381999202671893,0.6377688789950818), (2.681999202671893,0.6377688789950818)] & [(2.795681541284526,2.4788126195214697), (3.4956815412845264,2.4788126195214697), (3.4956815412845264,2.9788126195214697), (2.795681541284526,2.9788126195214697)] & [(4.858039048205711,0), (5.5580390482057105,0), (5.5580390482057105,0.4584349063029868), (4.858039048205711,0.4584349063029868)] & [(5.274264664760347,2.527869561579521), (5.974264664760346,2.527869561579521), (5.974264664760346,3.027869561579521), (5.274264664760347,3.027869561579521)]
