h: [(0,1), (6,1), (6,2), (0,2)]
r1: [(0,0), (2,0), (2,1), (0,1)]
r2: [(0,2), (2,2), (2,3), (0,3)]
r3: [(2,0), (4,0), (4,1), (2,1)]
r4: [(2,2), (4,2), (4,3), (2,3)]
r5: [(4,0), (6,0), (6,1), (4,1)]
r6: [(4,2), (6,2), (6,3), (4,3)]
b: [(1.1434505906652175,0.033867722329646306), (1.3434505906652174,0.033867722329646306), (1.3434505906652174,0.2338677223296463), (1.1434505906652175,0.2338677223296463)] & [(1.1958700130489637,2.4815470059412945), (1.3958700130489636,2.4815470059412945), (1.3958700130489636,2.6815470059412947), (1.1958700130489637,2.6815470059412947)] & [(2.354872166101025,0.15417169903238848), (2.554872166101025,0.15417169903238848), (2.554872166101025,0.3541716990323885), (2.354872166101025,0.3541716990323885)] & [(3.6429807726130283,2.481355466815828), (3.8429807726130285,2.481355466815828), (3.8429807726130285,2.681355466815828), (3.6429807726130283,2.681355466815828)] & [(4.871097382437096,0.023382710612909932), (5.071097382437096,0.023382710612909932), (5.071097382437096,0.22338271061290993), (4.871097382437096,0.22338271061290993)] & [(4.354392708668292,2.4764370214722193), (4.554392708668292,2.4764370214722193), (4.554392708668292,2.6764370214722195), (4.354392708668292,2.6764370214722195)]
t: [(0.4926180306219211,0.10052103555621286), (1.1926180306219212,0.10052103555621286), (1.1926180306219212,0.6005210355562128), (0.4926180306219211,0.6005210355562128)] & [(0,2.3840107337357006), (0.4822107438952593,2.3840107337357006), (0.4822107438952593,3.084010733735701), (0,3.084010733735701)] & [(2.5208267967962095,0.06728449625006028), (3.2208267967962096,0.06728449625006028), (3.2208267967962096,0.5672844962500603), (2.5208267967962095,0.5672844962500603)] & [(2.9352192434974778,2.37182951398726), (3.4352192434974778,2.37182951398726), (3.4352192434974778,3.07182951398726), (2.9352192434974778,3.07182951398726)] & [(5.1201707973313,0), (5.6201707973312995,0), (5.6201707973312995,0.6032063433871983), (5.1201707973313,0.6032063433871983)] & [(5.549893442661786,2.371828904134382), (6.049893442661785,2.371828904134382), (6.049893442661785,3.071828904134382), (5.549893442661786,3.071828904134382)]
