h: [(0,1), (6,1), (6,2), (0,2)]
r1: [(0,0), (2,0), (2,1), (0,1)]
r2: [(0,2), (2,2), (2,3), (0,3)]
r3: [(2,0), (4,0), (4,1), (2,1)]
r4: [(2,2), (4,2), (4,3), (2,3)]
r5: [(4,0), (6,0), (6,1), (4,1)]
r6: [(4,2), (6,2), (6,3), (4,3)]
b: [(0.37306984413411487,0.11754554935447373), (0.5730698441341149,0.11754554935447373), (0.5730698441341149,0.31754554935447377), (0.37306984413411487,0.31754554935447377)] & [(0.4898285036568583,2.4876552324701855), (0.6898285036568583,2.4876552324701855), (0.6898285036568583,2.6876552324701857), (0.4898285036568583,2.6876552324701857)] & [(2.8438946999510537,0.07777250043509325), (3.043894699951054,0.07777250043509325), (3.043894699951054,0.2777725004350933), (2.8438946999510537,0.2777725004350933)] & [(2.8940204291022154,2.561038537999917), (3.0940204291022155,2.561038537999917), (3.0940204291022155,2.761038537999917), (2.8940204291022154,2.761038537999917)] & [(4.828686531759092,0.03724082166408319), (5.028686531759092,0.03724082166408319), (5.028686531759092,0.2372408216640832), (4.828686531759092,0.2372408216640832)] & [(4.505736346170581,2.538276151830827), (4.705736346170581,2.538276151830827), (4.705736346170581,2.7382761518308274), (4.505736346170581,2.7382761518308274)]
t: [(1.1720730090238836,0), (1.8720730090238837,0), (1.8720730090238837,0.48663641058268436), (1.1720730090238836,0.48663641058268436)] & [(1.136375798021899,2.5367887650026906), (1.836375798021899,2.5367887650026906), (1.836375798021899,3.0367887650026906), (1.136375798021899,3.0367887650026906)] & [(2.089983497463862,0), (2.789983497463862,0), (2.789983497463862,0.4049854482868762), (2.089983497463862,0.4049854482868762)] & [(2.1002226533865067,2.4032648208791803), (2.800222653386507,2.4032648208791803), (2.800222653386507,2.9032648208791803), (2.1002226533865067,2.9032648208791803)] & [(3.972958594554147,0), (4.472958594554147,0), (4.472958594554147,0.6463513875243743), (3.972958594554147,0.6463513875243743)] & [(5.085670243508612,2.4299236986027273), (5.785670243508611,2.4299236986027273), (5.785670243508611,2.9299236986027273), (5.085670243508612,2.9299236986027273)]
