h: [(0,1), (6,1), (6,2), (0,2)]
r1: [(0,0), (2,0), (2,1), (0,1)]
r2: [(0,2), (2,2), (2,3), (0,3)]
r3: [(2,0), (4,0), (4,1), (2,1)]
r4: [(2,2), (4,2), (4,3), (2,3)]
r5: [(4,0), (6,0), (6,1), (4,1)]
r6: [(4,2), (6,2), (6,3), (4,3)]
b: [(1.0050391156034775,0.18704262335767652), (1.2050391156034774,0.18704262335767652), (1.2050391156034774,0.38704262335767653), (1.0050391156034775,0.38704262335767653)] & [(0.7404353142356993,2.563813801426881), (0.9404353142356994,2.563813801426881), (0.9404353142356994,2.763813801426881), (0.7404353142356993,2.763813801426881)] & [(2.291798584798452,0.026776116462503982), (2.491798584798452,0.026776116462503982), (2.491798584798452,0.226776116462504), (2.291798584798452,0.226776116462504)] & [(3.227605542503557,2.5516745937867236), (3.427605542503557,2.5516745937867236), (3.427605542503557,2.7516745937867237), (3.227605542503557,2.7516745937867237)] & [(5.204529725716421,0.14814664669825908), (5.404529725716421,0.14814664669825908), (5.404529725716421,0.3481466466982591), (5.204529725716421,0.3481466466982591)] & [(5.5453119137467155,2.4901831719822356), (5.745311913746716,2.4901831719822356), (5.745311913746716,2.6901831719822358), (5.5453119137467155,2.6901831719822358)]
t: [(0.1430474075953547,0.07663585913756721), (0.8430474075953547,0.07663585913756721), (0.8430474075953547,0.5766358591375672), (0.1430474075953547,0.5766358591375672)] & [(1.053161160485061,2.449377904690713), (1.7531611604850612,2.449377904690713), (1.7531611604850612,2.949377904690713), (1.053161160485061,2.949377904690713)] & [(3.058503785312848,0), (3.558503785312848,0), (3.558503785312848,0.629672614130547), (3.058503785312848,0.629672614130547)] & [(2.0181638264099386,2.482839299222618), (2.718163826409939,2.482839299222618), (2.718163826409939,2.982839299222618), (2.0181638264099386,2.982839299222618)] & [(4.222207543424637,0.0818056803870543), (4.922207543424636,0.0818056803870543), (4.922207543424636,0.5818056803870543), (4.222207543424637,0.5818056803870543)] & [(4.891932730552063,2.3816484676463756), (5.391932730552062,2.3816484676463756), (5.391932730552062,3.081648467646376), (4.891932730552063,3.081648467646376)]
