h: [(0,1), (6,1), (6,2), (0,2)]
r1: [(0,0), (2,0), (2,1), (0,1)]
r2: [(0,2), (2,2), (2,3), (0,3)]
r3: [(2,0), (4,0), (4,1), (2,1)]
r4: [(2,2), (4,2), (4,3), (2,3)]
r5: [(4,0), (6,0), (6,1), (4,1)]
r6: [(4,2), (6,2), (6,3), (4,3)]
b: [(0.0749775922264256,0.041052806747732186), (0.2749775922264256,0.041052806747732186), (0.2749775922264256,0.2410528067477322), (0.0749775922264256,0.2410528067477322)] & [(1.3899287090190742,2.640079302503811), (1.5899287090190741,2.640079302503811), (1.5899287090190741,2.840079302503811), (1.3899287090190742,2.840079302503811)] & [(3.2247465598599367,0.0011094678821329206), (3.424746559859937,0.0011094678821329206), (3.424746559859937,0.20110946788213294), (3.2247465598599367,0.20110946788213294)] & [(3.3132862467715953,2.5576288799445677), (3.5132862467715955,2.5576288799445677), (3.5132862467715955,2.757628879944568), (3.3132862467715953,2.757628879944568)] & [(4.908387722847376,0.007101880393802996), (5.108387722847376,0.007101880393802996), (5.108387722847376,0.207101880393803), (4.908387722847376,0.207101880393803)] & [(5.026586655942017,2.4708731258197107), (5.226586655942017,2.4708731258197107), (5.226586655942017,2.670873125819711), (5.026586655942017,2.670873125819711)]
t: [(1.1157226293405782,0), (1.6157226293405784,0), (1.6157226293405784,0.6405524483081317), (1.1157226293405782,0.6405524483081317)] & [(0.2576645860585022,2.493201535157728), (0.9576645860585021,2.493201535157728), (0.9576645860585021,2.993201535157728), (0.2576645860585022,2.993201535157728)] & [(2.756455974652672,0), (3.256455974652672,0), (3.256455974652672,0.6466112332316643), (2.756455974652672,0.6466112332316643)] & [(2.339977136056974,2.5041272805916597), (3.039977136056974,2.5041272805916597), (3.039977136056974,3.0041272805916597), (2.339977136056974,3.0041272805916597)] & [(4.362141000053162,0), (4.862141000053161,0), (4.862141000053161,0.6311040739440278), (4.362141000053162,0.6311040739440278)] & [(5.140185086464032,2.3996318482786916), (5.640185086464031,2.3996318482786916), (5.640185086464031,3.0996318482786918), (5.140185086464032,3.0996318482786918)]
