h: [(0,1), (6,1), (6,2), (0,2)]
r1: [(0,0), (2,0), (2,1), (0,1)]
r2: [(0,2), (2,2), (2,3), (0,3)]
r3: [(2,0), (4,0), (4,1), (2,1)]
r4: [(2,2), (4,2), (4,3), (2,3)]
r5: [(4,0), (6,0), (6,1), (4,1)]
r6: [(4,2), (6,2), (6,3), (4,3)]
b: [(0.9762145996787266,0.046417871707055386), (1.1762145996787265,0.046417871707055386), (1.1762145996787265,0.2464178717070554), (0.9762145996787266,0.2464178717070554)] & [(0.056033095009068515,2.504044984452932), (0.2560330950090685,2.504044984452932), (0.2560330950090685,2.704044984452932), (0.056033095009068515,2.704044984452932)] & [(3.1269943318101037,0.2428167636493592), (3.326994331810104,0.2428167636493592), (3.326994331810104,0.4428167636493592), (3.1269943318101037,0.4428167636493592)] & [(3.116159278763241,2.451095752299343), (3.3161592787632412,2.451095752299343), (3.3161592787632412,2.651095752299343), (3.116159278763241,2.651095752299343)] & [(4.626643788580322,0.0013700125070215121), (4.826643788580323,0.0013700125070215121), (4.826643788580323,0.20137001250702152), (4.626643788580322,0.20137001250702152)] & [(5.086093203806846,2.535124139381981), (5.286093203806846,2.535124139381981), (5.286093203806846,2.735124139381981), (5.086093203806846,2.735124139381981)]
t: [(1.3066343008747712,0), (1.8066343008747714,0), (1.8066343008747714,0.6278223824817688), (1.3066343008747712,0.6278223824817688)] & [(0.47298401423373615,2.354765364478238), (1.1729840142337362,2.354765364478238), (1.1729840142337362,2.854765364478238), (0.47298401423373615,2.854765364478238)] & [(2.2472568116241542,0), (2.9472568116241544,0), (2.9472568116241544,0.487991805836569), (2.2472568116241542,0.487991805836569)] & [(3.4270861816939333,2.388867972033085), (3.9270861816939333,2.388867972033085), (3.9270861816939333,3.088867972033085), (3.4270861816939333,3.088867972033085)] & [(4.016756224478915,0.11211234956528754), (4.716756224478914,0.11211234956528754), (4.716756224478914,0.6121123495652875), (4.016756224478915,0.6121123495652875)] & [(5.378077655222587,2.401325103281686), (6.078077655222586,2.401325103281686), (6.078077655222586,2.901325103281686), (5.378077655222587,2.901325103281686)]
