h: [(0,1), (6,1), (6,2), (0,2)]
r1: [(0,0), (2,0), (2,1), (0,1)]
r2: [(0,2), (2,2), (2,3), (0,3)]
r3: [(2,0), (4,0), (4,1), (2,1)]
r4: [(2,2), (4,2), (4,3), (2,3)]
r5: [(4,0), (6,0), (6,1), (4,1)]
r6: [(4,2), (6,2), (6,3), (4,3)]
b: [(1.4836665534302897,0.018420536811159356), (1.6836665534302897,0.018420536811159356), (1.6836665534302897,0.21842053681115936), (1.4836665534302897,0.21842053681115936)] & [(1.2741972077818515,2.4654989989593497), (1.4741972077818515,2.4654989989593497), (1.4741972077818515,2.66549899895935), (1.2741972077818515,2.66549899895935)] & [(2.795275120695777,0.022854278808601036), (2.9952751206957773,0.022854278808601036), (2.9952751206957773,0.22285427880860104), (2.795275120695777,0.22285427880860104)] & [(3.2250152046357092,2.4986265633391382), (3.4250152046357094,2.4986265633391382), (3.4250152046357094,2.6986265633391384), (3.2250152046357092,2.6986265633391384)] & [(5.102372477442705,0.23663686365796338), (5.302372477442705,0.23663686365796338), (5.302372477442705,0.4366368636579634), (5.102372477442705,0.4366368636579634)] & [(4.794043377014766,2.4531000568559396), (4.9940433770147665,2.4531000568559396), (4.9940433770147665,2.6531000568559397), (4.794043377014766,2.6531000568559397)]
t: [(0,0), (0.4595392845322781,0), (0.4595392845322781,0.6258754387334716), (0,0.6258754387334716)] & [(0,2.393647905709949), (0.44065435491316185,2.393647905709949), (0.44065435491316185,3.093647905709949), (0,3.093647905709949)] & [(2.246670935495066,0), (2.746670935495066,0), (2.746670935495066,0.6305392437741157), (2.246670935495066,0.6305392437741157)] & [(2.0159715387223,2.3897523711850934), (2.5159715387223,2.3897523711850934), (2.5159715387223,3.0897523711850936), (2.0159715387223,3.0897523711850936)] & [(5.284276196218397,0), (5.984276196218397,0), (5.984276196218397,0.49898095686135635), (5.284276196218397,0.49898095686135635)] & [(5.267057914432307,2.354511354071788), (5.767057914432306,2.354511354071788), (5.767057914432306,3.054511354071788), (5.267057914432307,3.054511354071788)]
