h: [(0,1), (6,1), (6,2), (0,2)]
r1: [(0,0), (2,0), (2,1), (0,1)]
r2: [(0,2), (2,2), (2,3), (0,3)]
r3: [(2,0), (4,0), (4,1), (2,1)]
r4: [(2,2), (4,2), (4,3), (2,3)]
r5: [(4,0), (6,0), (6,1), (4,1)]
r6: [(4,2), (6,2), (6,3), (4,3)]
b: [(0.28451866730312236,0.1335577187874929), (0.4845186673031224,0.1335577187874929), (0.4845186673031224,0.3335577187874929), (0.28451866730312236,0.3335577187874929)] & [(0.9192441859969612,2.481876144231228), (1.1192441859969613,2.481876144231228), (1.1192441859969613,2.681876144231228), (0.9192441859969612,2.681876144231228)] & [(3.385978535208938,0.048724692656039174), (3.5859785352089384,0.048724692656039174), (3.5859785352089384,0.2487246926560392), (3.385978535208938,0.2487246926560392)] & [(2.106045147531299,2.4842244690763744), (2.3060451475312993,2.4842244690763744), (2.3060451475312993,2.6842244690763746), (2.106045147531299,2.6842244690763746)] & [(4.41772854331167,0.04659421684754553), (4.61772854331167,0.04659421684754553), (4.61772854331167,0.24659421684754554), (4.41772854331167,0.24659421684754554)] & [(4.55069578487717,2.4644879520645713), (4.75069578487717,2.4644879520645713), (4.75069578487717,2.6644879520645715), (4.55069578487717,2.6644879520645715)]
t: [(0.7629961879768844,0.043872839584120665), (1.4629961879768845,0.043872839584120665), (1.4629961879768845,0.5438728395841207), (0.7629961879768844,0.5438728395841207)] & [(0.42725638327109905,2.3623743315601797), (0.927256383271099,2.3623743315601797), (0.927256383271099,3.06237433156018), (0.42725638327109905,3.06237433156018)] & [(2.882828600266923,0), (3.382828600266923,0), (3.382828600266923,0.6194232046448654), (2.882828600266923,0.6194232046448654)] & [(3.437222699849413,2.3789729903674366), (3.937222699849413,2.3789729903674366), (3.937222699849413,3.0789729903674368), (3.437222699849413,3.0789729903674368)] & [(5.441561035406097,0), (5.941561035406096,0), (5.941561035406096,0.6448081926162269), (5.441561035406097,0.6448081926162269)] & [(5.126817345804816,2.38323836753466), (5.626817345804815,2.38323836753466), (5.626817345804815,3.08323836753466), (5.126817345804816,3.08323836753466)]
