h: [(0,1), (6,1), (6,2), (0,2)]
r1: [(0,0), (2,0), (2,1), (0,1)]
r2: [(0,2), (2,2), (2,3), (0,3)]
r3: [(2,0), (4,0), (4,1), (2,1)]
r4: [(2,2), (4,2), (4,3), (2,3)]
r5: [(4,0), (6,0), (6,1), (4,1)]
r6: [(4,2), (6,2), (6,3), (4,3)]
b: [(1.462645568708099,0.01637944431684422), (1.662645568708099,0.01637944431684422), (1.662645568708099,0.21637944431684422), (1.462645568708099,0.21637944431684422)] & [(0.9017409866531787,2.674608891556848), (1.1017409866531787,2.674608891556848), (1.1017409866531787,2.874608891556848), (0.9017409866531787,2.874608891556848)] & [(2.1293995172852713,0.1082900943090481), (2.3293995172852715,0.1082900943090481), (2.3293995172852715,0.3082900943090481), (2.1293995172852713,0.3082900943090481)] & [(3.5432281580864293,2.452867460794035), (3.7432281580864295,2.452867460794035), (3.7432281580864295,2.652867460794035), (3.5432281580864293,2.652867460794035)] & [(5.139669668823544,0.011635878198622525), (5.339669668823544,0.011635878198622525), (5.339669668823544,0.21163587819862253), (5.139669668823544,0.21163587819862253)] & [(4.96433514571088,2.662621621870426), (5.16433514571088,2.662621621870426), (5.16433514571088,2.862621621870426), (4.96433514571088,2.862621621870426)]
t: [(0.8019029140175442,0), (1.3019029140175442,0), (1.3019029140175442,0.6423652598724034), (0.8019029140175442,0.6423652598724034)] & [(0,2.442508411327633), (0.6389724079986665,2.442508411327633), (0.6389724079986665,2.942508411327633), (0,2.942508411327633)] & [(2.557941830963909,0.05166417023839756), (3.257941830963909,0.05166417023839756), (3.257941830963909,0.5516641702383975), (2.557941830963909,0.5516641702383975)] & [(2.6191992856050255,2.3786445392135205), (3.1191992856050255,2.3786445392135205), (3.1191992856050255,3.0786445392135207), (2.6191992856050255,3.0786445392135207)] & [(4.524151508138515,0.09426059426071687), (5.224151508138514,0.09426059426071687), (5.224151508138514,0.5942605942607169), (4.524151508138515,0.5942605942607169)] & [(5.239087332131538,2.492550060743596), (5.939087332131537,2.492550060743596), (5.939087332131537,2.992550060743596), (5.239087332131538,2.992550060743596)]
