h: [(0,1), (6,1), (6,2), (0,2)]
r1: [(0,0), (2,0), (2,1), (0,1)]
r2: [(0,2), (2,2), (2,3), (0,3)]
r3: [(2,0), (4,0), (4,1), (2,1)]
r4: [(2,2), (4,2), (4,3), (2,3)]
r5: [(4,0), (6,0), (6,1), (4,1)]
r6: [(4,2), (6,2), (6,3), (4,3)]
b: [(0.8494978880401242,0.007084336951773463), (1.0494978880401242,0.007084336951773463), (1.0494978880401242,0.20708433695177347), (0.8494978880401242,0.20708433695177347)] & [(0.25732521544547876,2.4669870868083326), (0.45732521544547877,2.4669870868083326), (0.45732521544547877,2.6669870868083327), (0.25732521544547876,2.6669870868083327)] & [(3.156983743314299,0.013800349617219156), (3.356983743314299,0.013800349617219156), (3.356983743314299,0.21380034961721917), (3.156983743314299,0.21380034961721917)] & [(3.128574818886534,2.666896083807157), (3.3285748188865343,2.666896083807157), (3.3285748188865343,2.8668960838071573), (3.128574818886534,2.8668960838071573)] & [(5.318899069383016,0.0030366436983161743), (5.518899069383016,0.0030366436983161743), (5.518899069383016,0.2030366436983162), (5.318899069383016,0.2030366436983162)] & [(4.351062244355572,2.604594304695031), (4.551062244355572,2.604594304695031), (4.551062244355572,2.8045943046950312), (4.351062244355572,2.8045943046950312)]
t: [(1.105577511557523,0), (1.6055775115575233,0), (1.6055775115575233,0.6261172403192415), (1.105577511557523,0.6261172403192415)] & [(0.7154766481140322,2.3611659312917657), (1.4154766481140322,2.3611659312917657), (1.4154766481140322,2.8611659312917657), (0.7154766481140322,2.8611659312917657)] & [(3.4483597585708003,0), (3.9483597585708003,0), (3.9483597585708003,0.6372679409483567), (3.4483597585708003,0.6372679409483567)] & [(2.1931552139582147,2.4833575871530913), (2.893155213958215,2.4833575871530913), (2.893155213958215,2.9833575871530913), (2.1931552139582147,2.9833575871530913)] & [(4.66275387985207,0), (5.162753879852069,0), (5.162753879852069,0.6244862941828803), (4.66275387985207,0.6244862941828803)] & [(4.453958656834876,2.386833717906787), (5.153958656834876,2.386833717906787), (5.153958656834876,2.886833717906787), (4.453958656834876,2.886833717906787)]
