h: [(0,1), (6,1), (6,2), (0,2)]
r1: [(0,0), (2,0), (2,1), (0,1)]
r2: [(0,2), (2,2), (2,3), (0,3)]
r3: [(2,0), (4,0), (4,1), (2,1)]
r4: [(2,2), (4,2), (4,3), (2,3)]
r5: [(4,0), (6,0), (6,1), (4,1)]
r6: [(4,2), (6,2), (6,3), (4,3)]
b: [(0.39415302269957503,0.23248696521995166), (0.594153022699575,0.23248696521995166), (0.594153022699575,0.43248696521995167), (0.39415302269957503,0.43248696521995167)] & [(1.3660530814545913,2.4546709443962267), (1.5660530814545912,2.4546709443962267), (1.5660530814545912,2.654670944396227), (1.3660530814545913,2.654670944396227)] & [(2.64412919137917,0.02921308935783535), (2.84412919137917,0.02921308935783535), (2.84412919137917,0.22921308935783535), (2.64412919137917,0.22921308935783535)] & [(2.525208744620026,2.5047424462473225), (2.7252087446200264,2.5047424462473225), (2.7252087446200264,2.7047424462473226), (2.525208744620026,2.7047424462473226)] & [(5.232217795772469,0.14946211919666821), (5.432217795772469,0.14946211919666821), (5.432217795772469,0.34946211919666825), (5.232217795772469,0.34946211919666825)] & [(5.162831844881519,2.5550994501035884), (5.362831844881519,2.5550994501035884), (5.362831844881519,2.7550994501035886), (5.162831844881519,2.7550994501035886)]
t: [(0.5386852397495704,0.03188382770327347), (1.2386852397495705,0.03188382770327347), (1.2386852397495705,0.5318838277032735), (0.5386852397495704,0.5318838277032735)] & [(0.46390994106602856,2.3570348934419307), (0.9639099410660285,2.3570348934419307), (0.9639099410660285,3.057034893441931), (0.46390994106602856,3.057034893441931)] & [(2.92023870426933,0.09033311614637085), (3.62023870426933,0.09033311614637085), (3.62023870426933,0.5903331161463709), (2.92023870426933,0.5903331161463709)] & [(2.8249358304628607,2.559076504776993), (3.524935830462861,2.559076504776993), (3.524935830462861,3.059076504776993), (2.8249358304628607,3.059076504776993)] & [(4.155515123720138,0), (4.855515123720138,0), (4.855515123720138,0.48764775567291707), (4.155515123720138,0.48764775567291707)] & [(5.345177217244126,2.387389766924934), (6.045177217244126,2.387389766924934), (6.045177217244126,2.887389766924934), (5.345177217244126,2.887389766924934)]
