h: [(0,1), (6,1), (6,2), (0,2)]
r1: [(0,0), (2,0), (2,1), (0,1)]
r2: [(0,2), (2,2), (2,3), (0,3)]
r3: [(2,0), (4,0), (4,1), (2,1)]
r4: [(2,2), (4,2), (4,3), (2,3)]
r5: [(4,0), (6,0), (6,1), (4,1)]
r6: [(4,2), (6,2), (6,3), (4,3)]
b: [(0.38942682850754956,0.12007077493190707), (0.5894268285075496,0.12007077493190707), (0.5894268285075496,0.32007077493190705), (0.38942682850754956,0.32007077493190705)] & [(1.5768562521345983,2.474580320717803), (1.7768562521345983,2.474580320717803), (1.7768562521345983,2.674580320717803), (1.5768562521345983,2.674580320717803)] & [(3.155459524162149,0.17331490672037655), (3.355459524162149,0.17331490672037655), (3.355459524162149,0.3733149067203766), (3.155459524162149,0.3733149067203766)] & [(2.8831655184119818,2.690264738102811), (3.083165518411982,2.690264738102811), (3.083165518411982,2.890264738102811), (2.8831655184119818,2.890264738102811)] & [(4.716370843766068,0.017042454517034053), (4.916370843766068,0.017042454517034053), (4.916370843766068,0.21704245451703408), (4.716370843766068,0.21704245451703408)] & [(5.244209905076411,2.4985129690358914), (5.444209905076411,2.4985129690358914), (5.444209905076411,2.6985129690358916), (5.244209905076411,2.6985129690358916)]
t: [(1.1641023788638671,0.09689346872813182), (1.8641023788638673,0.09689346872813182), (1.8641023788638673,0.5968934687281318), (1.1641023788638671,0.5968934687281318)] & [(0.49217882394653434,2.362720546565608), (0.9921788239465342,2.362720546565608), (0.9921788239465342,3.062720546565608), (0.49217882394653434,3.062720546565608)] & [(2.290652455537571,0), (2.990652455537571,0), (2.990652455537571,0.4965970240221862), (2.290652455537571,0.4965970240221862)] & [(2.0956107172275718,2.3849727761223973), (2.795610717227572,2.3849727761223973), (2.795610717227572,2.8849727761223973), (2.0956107172275718,2.8849727761223973)] & [(5.0999831244289995,0), (5.599983124428999,0), (5.599983124428999,0.630732587669545), (5.0999831244289995,0.630732587669545)] & [(4.141607891705797,2.3953075135939303), (4.641607891705796,2.3953075135939303), (4.641607891705796,3.0953075135939305), (4.141607891705797,3.0953075135939305)]
