h: [(0,1), (6,1), (6,2), (0,2)]
r1: [(0,0), (2,0), (2,1), (0,1)]
r2: [(0,2), (2,2), (2,3), (0,3)]
r3: [(2,0), (4,0), (4,1), (2,1)]
r4: [(2,2), (4,2), (4,3), (2,3)]
r5: [(4,0), (6,0), (6,1), (4,1)]
r6: [(4,2), (6,2), (6,3), (4,3)]
b: [(0.052659068072564943,0.22873856364477382), (0.25265906807256494,0.22873856364477382), (0.25265906807256494,0.4287385636447738), (0.052659068072564943,0.4287385636447738)] & [(0.45391225938060864,2.5618020998019744), (0.6539122593806086,2.5618020998019744), (0.6539122593806086,2.7618020998019746), (0.45391225938060864,2.7618020998019746)] & [(3.093363251787589,0.045949890617331464), (3.2933632517875893,0.045949890617331464), (3.2933632517875893,0.24594989061733147), (3.093363251787589,0.24594989061733147)] & [(2.299912492953199,2.5253953175240795), (2.4999124929531993,2.5253953175240795), (2.4999124929531993,2.7253953175240797), (2.299912492953199,2.7253953175240797)] & [(4.975608719478734,0.19309721298231083), (5.175608719478734,0.19309721298231083), (5.175608719478734,0.3930972129823108), (4.975608719478734,0.3930972129823108)] & [(4.70243773100416,2.457609675867485), (4.90243773100416,2.457609675867485), (4.90243773100416,2.657609675867485), (4.70243773100416,2.657609675867485)]
t: [(0.6482913367681444,0.055122560551783384), (1.3482913367681446,0.055122560551783384), (1.3482913367681446,0.5551225605517833), (0.6482913367681444,0.5551225605517833)] & [(1.259007294237371,2.380998883110689), (1.959007294237371,2.380998883110689), (1.959007294237371,2.880998883110689), (1.259007294237371,2.880998883110689)] & [(2.3435106543063067,0), (2.8435106543063067,0), (2.8435106543063067,0.6041123019440344), (2.3435106543063067,0.6041123019440344)] & [(2.974546468756569,2.4907183537861886), (3.674546468756569,2.4907183537861886), (3.674546468756569,2.9907183537861886), (2.974546468756569,2.9907183537861886)] & [(5.089187558762413,0.08398735834606619), (5.789187558762412,0.08398735834606619), (5.789187558762412,0.5839873583460662), (5.089187558762413,0.5839873583460662)] & [(3.9919343884564067,2.376517220870483), (4.491934388456406,2.376517220870483), (4.491934388456406,3.076517220870483), (3.9919343884564067,3.076517220870483)]
