h: [(0,1), (6,1), (6,2), (0,2)]
r1: [(0,0), (2,0), (2,1), (0,1)]
r2: [(0,2), (2,2), (2,3), (0,3)]
r3: [(2,0), (4,0), (4,1), (2,1)]
r4: [(2,2), (4,2), (4,3), (2,3)]
r5: [(4,0), (6,0), (6,1), (4,1)]
r6: [(4,2), (6,2), (6,3), (4,3)]
b: [(1.3103715899862332,0.00466523259122978), (1.510371589986233,0.00466523259122978), (1.510371589986233,0.2046652325912298), (1.3103715899862332,0.2046652325912298)] & [(1.1257386664223188,2.465906351659935), (1.3257386664223187,2.465906351659935), (1.3257386664223187,2.665906351659935), (1.1257386664223188,2.665906351659935)] & [(2.358883395049019,0.04652098690841157), (2.558883395049019,0.04652098690841157), (2.558883395049019,0.24652098690841157), (2.358883395049019,0.24652098690841157)] & [(3.2477547736902235,2.474712765805222), (3.4477547736902237,2.474712765805222), (3.4477547736902237,2.6747127658052223), (3.2477547736902235,2.6747127658052223)] & [(4.902502206290561,0.13451600955655893), (5.102502206290561,0.13451600955655893), (5.102502206290561,0.3345160095565589), (4.902502206290561,0.3345160095565589)] & [(5.436070515515229,2.5258084376947387), (5.636070515515229,2.5258084376947387), (5.636070515515229,2.725808437694739), (5.436070515515229,2.725808437694739)]
t: [(0.31216696949709444,0.04273691763264814), (1.0121669694970945,0.04273691763264814), (1.0121669694970945,0.5427369176326481), (0.31216696949709444,0.5427369176326481)] & [(1.2941965059827683,2.388966172719022), (1.7941965059827685,2.388966172719022), (1.7941965059827685,3.0889661727190223), (1.2941965059827683,3.0889661727190223)] & [(3.2000987154188736,0), (3.7000987154188736,0), (3.7000987154188736,0.6316499705926543), (3.2000987154188736,0.6316499705926543)] & [(2.839281922801234,2.390405318473541), (3.339281922801234,2.390405318473541), (3.339281922801234,3.0904053184735414), (2.839281922801234,3.0904053184735414)] & [(5.121041905403697,0), (5.821041905403696,0), (5.821041905403696,0.44365260136728313), (5.121041905403697,0.44365260136728313)] & [(4.180880719126387,2.5017405488995648), (4.880880719126386,2.5017405488995648), (4.880880719126386,3.0017405488995648), (4.180880719126387,3.0017405488995648)]
